Stem_diam_mm	Ph1	Ph2	Ph3	Ph4	Ph5	Ph6	Ph7	Ph8
								
7.165	0	0	0	0	0	0	0	1
6.55	0	0	0	0	1	0	0	0
7.02	0	1	0	0	0	0	0	0
10.15	0	0	0	0	1	0	0	0
6.565	0	0	0	0	1	0	0	0
								
7.795	0	0	0	0	1	0	0	0
6.68	0	0	0	0	1	0	0	0
5.215	0	0	0	0	1	0	0	0
6.705	0	0	0	0	1	0	0	0
6.28	0	0	0	0	1	0	0	0
								
7.3	0	0	0	0	0	0	1	0
								
5.15	0	0	0	0	0	1	0	0
4.305	0	0	0	0	1	0	0	0
11.24	0	0	0	0	1	0	0	0
7.39	0	0	0	0	0	1	0	0
5.825	0	0	0	0	0	1	0	0
3.515	0	0	0	0	0	1	0	0
8.275	0	0	0	0	1	0	0	0
5.995	0	0	0	0	0	0	1	0
6.17	0	0	0	0	1	0	0	0
4.19	0	1	0	0	0	0	0	0
4.63	0	0	0	0	1	0	0	0
6.785	0	0	0	0	1	0	0	0
4.85	0	0	0	0	1	0	0	0
								
10.61	0	0	0	0	0	1	0	0
7.155	0	0	0	0	0	1	0	0
8.53	0	0	0	0	1	0	0	0
9.415	0	0	0	0	1	0	0	0
6.245	0	0	0	0	0	1	0	0
9.245	0	0	0	0	0	0	1	0
5.8	0	1	0	0	0	0	0	0
3.035	0	0	0	0	0	0	1	0
6.15	0	0	0	0	1	0	0	0
2.765	0	0	0	0	0	1	0	0
8.48	0	0	0	0	1	0	0	0
6.025	0	0	0	0	1	0	0	0
5.22	0	0	0	0	1	0	0	0
								
6.81	0	0	0	0	0	1	0	0
6.63	0	0	0	0	0	1	0	0
								
5.425	0	0	0	0	0	0	1	0
								
5.575	0	0	0	0	1	0	0	0
4.72	0	0	0	0	1	0	0	0
3.785	0	0	0	0	0	0	1	0
6.525	0	0	0	0	1	0	0	0
6.73	0	0	0	0	0	1	0	0
5.215	0	0	0	0	1	0	0	0
2.63	0	0	0	0	0	0	1	0
5.68	0	0	0	0	0	1	0	0
3.415	0	0	0	0	0	0	1	0
4.49	0	0	0	0	0	0	1	0
5.06	0	0	0	0	0	0	1	0
2.605	0	0	0	0	0	1	0	0
5.735	0	0	0	0	1	0	0	0
								
6.525	0	0	0	0	1	0	0	0
4.625	0	0	0	0	1	0	0	0
								
5.83	0	0	0	0	0	0	1	0
4.065	0	0	0	0	1	0	0	0
5.39	0	0	0	0	0	0	1	0
5.535	0	0	0	0	1	0	0	0
								
5.015	0	0	0	0	1	0	0	0
4.735	0	0	0	0	1	0	0	0
5.525	0	0	0	0	1	0	0	0
2.615	0	0	0	0	0	1	0	0
3.005	0	0	0	0	0	1	0	0
5.67	0	0	0	0	0	1	0	0
3.215	0	0	0	0	1	0	0	0
6.865	0	0	0	0	1	0	0	0
4.45	0	0	0	1	0	0	0	0
2.725	0	0	0	0	1	0	0	0
3.365	0	0	0	0	1	0	0	0
5.325	0	0	0	0	1	0	0	0
7.695	0	0	0	0	1	0	0	0
								
								
								
								
7.91	0	0	0	0	1	0	0	0
								
4.15	0	0	0	1	0	0	0	0
5.545	0	0	0	0	1	0	0	0
								
2.705	0	0	0	0	0	1	0	0
								
								
								
								
3.87	0	0	0	0	1	0	0	0
								
								
6.9	0	1	0	0	0	0	0	0
								
4.265	0	0	0	0	0	1	0	0
7.02	0	0	0	0	0	1	0	0
3.67	0	0	0	0	0	0	1	0
7.18	0	0	0	0	1	0	0	0
8.315	0	0	0	0	0	1	0	0
8.395	0	0	0	0	1	0	0	0
8.02	0	0	0	0	1	0	0	0
3.965	0	0	0	0	0	0	1	0
4.445	0	0	0	0	1	0	0	0
5.76	0	1	0	0	0	0	0	0
3.595	0	0	0	0	0	0	1	0
4.705	0	0	0	0	0	0	1	0
5.045	0	0	0	0	0	1	0	0
3.94	0	0	0	0	1	0	0	0
7.34	0	0	0	0	1	0	0	0
								
7.34	0	0	0	0	1	0	0	0
								
5.855	0	0	0	0	0	1	0	0
3.36	0	0	0	0	0	1	0	0
3.78	0	0	0	0	0	0	1	0
8.865	0	0	0	0	0	1	0	0
4.395	0	0	0	0	1	0	0	0
3.47	0	0	0	0	1	0	0	0
6.575	0	0	0	0	0	1	0	0
3.52	0	0	0	0	1	0	0	0
								
4.975	0	0	0	0	0	0	1	0
								
4.695	0	0	0	0	1	0	0	0
3.995	0	0	0	0	0	0	1	0
4.365	0	0	0	0	1	0	0	0
7.325	0	0	0	0	0	0	0	1
								
4.61	0	0	0	0	1	0	0	0
2.635	0	0	0	0	1	0	0	0
								
								
								
								
3.585	0	0	0	0	1	0	0	0
								
								
3.8	0	0	1	0	0	0	0	0
								
6.7	0	0	0	0	1	0	0	0
								
								
2.305	0	0	0	0	0	1	0	0
								
								
								
4.65	0	0	0	0	0	0	1	0
								
6.735	0	0	0	0	1	0	0	0
5.93	0	0	0	0	1	0	0	0
3.46	0	0	0	0	1	0	0	0
6.865	0	0	0	0	0	1	0	0
4.845	0	0	0	0	0	1	0	0
8.035	0	0	0	0	0	1	0	0
4.545	0	0	0	0	0	1	0	0
3.75	0	0	0	0	0	1	0	0
4	0	0	0	0	0	1	0	0
7.725	0	0	0	0	1	0	0	0
5.315	0	0	0	0	1	0	0	0
5.735	0	0	0	0	1	0	0	0
								
6.08	0	0	0	0	1	0	0	0
								
7.41	0	0	0	0	0	1	0	0
								
4.85	0	0	0	0	0	1	0	0
6.73	0	0	0	0	1	0	0	0
5.245	0	0	0	0	0	1	0	0
3.315	0	0	0	0	0	1	0	0
6.845	0	0	0	0	1	0	0	0
6.66	0	0	0	0	0	0	0	1
6.765	0	0	0	0	0	1	0	0
5.985	0	0	0	0	0	1	0	0
6.875	0	0	0	0	1	0	0	0
8.775	0	0	0	0	1	0	0	0
								
								
5.9	0	0	0	0	1	0	0	0
9.93	0	0	0	0	0	1	0	0
6.34	0	0	0	0	0	1	0	0
4.245	0	0	0	0	0	1	0	0
6.4	0	0	1	0	0	0	0	0
5	0	0	0	0	0	1	0	0
9.22	0	0	0	0	1	0	0	0
6.27	0	0	0	0	0	1	0	0
								
4.685	0	0	0	0	1	0	0	0
8.43	0	0	0	0	1	0	0	0
7.13	0	0	0	0	1	0	0	0
5.31	0	0	0	0	0	0	1	0
10.56	0	0	0	0	1	0	0	0
10.21	0	0	0	0	0	1	0	0
4.85	0	0	0	1	0	0	0	0
8.145	0	0	0	0	0	1	0	0
7.39	0	0	0	0	1	0	0	0
6.105	0	0	0	0	1	0	0	0
6.645	0	0	0	0	1	0	0	0
								
5.785	0	0	0	0	1	0	0	0
4.27	0	0	0	0	0	0	1	0
10.81	0	0	0	0	0	1	0	0
5.9	0	0	1	0	0	0	0	0
								
6.365	0	0	0	0	0	1	0	0
7.39	0	0	0	0	1	0	0	0
3.18	0	0	0	0	1	0	0	0
								
4.195	0	0	0	0	1	0	0	0
3	0	0	0	0	1	0	0	0
								
								
6.345	0	0	0	0	0	0	0	1
11.48	0	0	0	0	0	1	0	0
8.08	0	0	0	0	0	1	0	0
8.47	0	0	0	0	0	1	0	0
								
6.955	0	0	0	0	0	1	0	0
7.725	0	0	0	0	1	0	0	0
3.66	0	0	0	0	1	0	0	0
								
								
9.155	0	0	0	0	1	0	0	0
4.56	0	0	0	0	0	0	1	0
								
								
9.84	0	0	0	0	0	1	0	0
7.385	0	0	0	0	0	1	0	0
								
8.505	0	0	0	0	1	0	0	0
4.97	0	0	0	0	1	0	0	0
								
								
5.02	0	0	0	0	0	0	0	1
								
8.715	0	0	0	0	1	0	0	0
3.44	0	0	0	0	1	0	0	0
9.21	0	0	0	0	0	1	0	0
5.965	0	0	0	0	1	0	0	0
7.145	0	0	0	0	1	0	0	0
6.33	0	0	0	0	0	1	0	0
								
3.375	0	0	0	0	1	0	0	0
								
4.1	1	0	0	0	0	0	0	0
9.775	0	0	0	0	0	1	0	0
								
4.245	0	0	0	0	0	1	0	0
12.17	0	0	0	0	0	1	0	0
								
								
								
8.045	0	0	0	0	1	0	0	0
								
6.3	0	1	0	0	0	0	0	0
								
6.6	0	1	0	0	0	0	0	0
7.1	1	0	0	0	0	0	0	0
5.5	1	0	0	0	0	0	0	0
6.7	0	0	0	1	0	0	0	0
7.03	0	0	0	0	0	0	0	1
6.9	1	0	0	0	0	0	0	0
5.3	0	1	0	0	0	0	0	0
4.71	0	0	0	0	1	0	0	0
8	0	1	0	0	0	0	0	0
8.6	1	0	0	0	0	0	0	0
6.59	0	0	0	0	0	0	1	0
3.205	0	0	0	0	0	0	1	0
8	0	1	0	0	0	0	0	0
6.045	0	0	0	0	0	0	0	1
4.86	0	0	0	0	0	0	1	0
9.63	0	0	0	0	0	0	1	0
6.6	0	0	0	0	0	0	0	1
5.2	0	1	0	0	0	0	0	0
5.025	0	0	0	0	0	0	0	1
7.35	0	0	0	1	0	0	0	0
6.5	0	0	0	1	0	0	0	0
6.605	0	0	0	0	0	0	1	0
6.04	0	0	0	0	0	0	0	1
7.39	0	0	0	0	0	0	0	1
5.3	0	0	1	0	0	0	0	0
9	0	0	0	1	0	0	0	0
3.365	0	0	0	0	0	0	0	1
4.715	0	0	0	0	1	0	0	0
5.9	0	0	1	0	0	0	0	0
6.155	0	0	0	0	0	0	1	0
8.125	0	0	0	0	0	0	0	1
9.045	0	0	0	0	0	1	0	0
7.74	0	0	0	0	0	0	0	1
6.7	0	0	0	1	0	0	0	0
8.3	1	0	0	0	0	0	0	0
5.83	0	0	0	0	0	0	0	1
6.98	0	0	0	0	0	0	0	1
7.685	0	0	0	0	0	1	0	0
10.28	0	0	0	0	0	1	0	0
4.3	0	0	1	0	0	0	0	0
6.4	0	1	0	0	0	0	0	0
5.6	1	0	0	0	0	0	0	0
7.385	0	0	0	0	0	0	0	1
6.6	0	1	0	0	0	0	0	0
5.3	0	1	0	0	0	0	0	0
6.64	0	0	0	0	0	0	0	1
3.6	0	0	1	0	0	0	0	0
3.6	0	0	1	0	0	0	0	0
9.315	0	0	0	0	0	1	0	0
5.875	0	0	0	0	0	0	1	0
7.71	0	0	0	0	0	0	0	1
5.5	1	0	0	0	0	0	0	0
5.6	0	1	0	0	0	0	0	0
5.2	0	0	1	0	0	0	0	0
5.42	0	0	0	0	0	0	1	0
6.5	0	1	0	0	0	0	0	0
6.5	0	1	0	0	0	0	0	0
7.75	0	0	0	1	0	0	0	0
8.62	0	0	0	0	0	0	1	0
4.78	0	0	0	0	0	0	1	0
3.04	0	0	0	0	0	0	1	0
3.75	0	0	0	1	0	0	0	0
10.3	1	0	0	0	0	0	0	0
3.88	0	0	0	0	1	0	0	0
3.24	0	0	0	0	0	0	0	1
7.925	0	0	0	0	0	0	0	1
10.05	0	0	0	1	0	0	0	0
5.345	0	0	0	0	0	0	0	1
5.6	0	1	0	0	0	0	0	0
5.25	0	0	0	1	0	0	0	0
6.3	0	0	1	0	0	0	0	0
8.14	0	1	0	0	0	0	0	0
6.8	0	0	0	1	0	0	0	0
8.3	0	0	1	0	0	0	0	0
4.09	0	0	0	0	1	0	0	0
7.955	0	0	0	0	0	0	0	1
4.9	0	0	1	0	0	0	0	0
8.5	0	0	1	0	0	0	0	0
4	0	0	0	1	0	0	0	0
7.295	0	0	0	0	0	0	0	1
4.45	0	0	0	1	0	0	0	0
5.37	0	0	0	0	0	0	1	0
9.25	0	0	0	1	0	0	0	0
7.25	0	0	0	1	0	0	0	0
7.57	0	0	0	0	0	0	0	1
7.21	0	0	0	0	0	0	0	1
7.6	1	0	0	0	0	0	0	0
7.57	0	0	0	0	0	0	0	1
7.5	1	0	0	0	0	0	0	0
9.3	0	0	0	1	0	0	0	0
6.9	1	0	0	0	0	0	0	0
3.84	0	0	0	0	0	0	1	0
5.885	0	0	0	0	0	0	1	0
7.7	1	0	0	0	0	0	0	0
8.1	1	0	0	0	0	0	0	0
5.5	1	0	0	0	0	0	0	0
6.4	0	1	0	0	0	0	0	0
6.7	0	1	0	0	0	0	0	0
4.305	0	0	0	0	0	0	0	1
3.45	0	0	0	0	0	0	1	0
9.545	0	0	0	0	0	0	1	0
5.8	1	0	0	0	0	0	0	0
7.1	0	1	0	0	0	0	0	0
6.435	0	0	0	0	0	0	0	1
4.19	0	0	0	0	1	0	0	0
7.5	1	0	0	0	0	0	0	0
5.77	0	0	0	0	0	1	0	0
4.505	0	0	0	0	0	0	1	0
6.585	0	0	0	0	0	0	0	1
7.9	0	0	0	1	0	0	0	0
7.45	0	0	0	0	0	0	0	1
3.535	0	0	0	0	0	0	0	1
5.75	0	0	0	1	0	0	0	0
5.77	0	0	0	0	1	0	0	0
5.59	0	1	0	0	0	0	0	0
3.54	0	0	0	0	0	0	0	1
6.025	0	0	0	0	0	1	0	0
6.25	0	0	0	0	1	0	0	0
7.45	0	0	0	1	0	0	0	0
4.6	1	0	0	0	0	0	0	0
7	0	1	0	0	0	0	0	0
4.685	0	0	0	0	0	0	0	1
5.4	0	0	0	1	0	0	0	0
6.8	0	0	1	0	0	0	0	0
4.92	0	0	0	0	0	0	0	1
5.7	1	0	0	0	0	0	0	0
6.825	0	0	0	0	1	0	0	0
6.4	0	0	1	0	0	0	0	0
6.55	0	1	0	0	0	0	0	0
4.675	0	0	0	0	1	0	0	0
2.6	0	0	1	0	0	0	0	0
6.4	0	0	0	1	0	0	0	0
5.8	0	1	0	0	0	0	0	0
7.59	0	0	0	0	0	0	0	1
5.7	0	1	0	0	0	0	0	0
7.7	1	0	0	0	0	0	0	0
6.2	1	0	0	0	0	0	0	0
5.545	0	0	0	0	0	0	1	0
7.4	1	0	0	0	0	0	0	0
4.975	0	0	0	0	0	0	1	0
6.5	0	0	0	0	0	0	0	1
7.7	0	1	0	0	0	0	0	0
3.9	0	0	0	1	0	0	0	0
6.645	0	0	0	0	1	0	0	0
5	1	0	0	0	0	0	0	0
6.6	0	1	0	0	0	0	0	0
5.1	0	0	1	0	0	0	0	0
5.3	0	1	0	0	0	0	0	0
5.665	0	0	0	0	0	1	0	0
7.405	0	0	0	0	0	0	1	0
8.3	0	1	0	0	0	0	0	0
4.59	0	0	0	0	1	0	0	0
6.03	0	0	0	0	1	0	0	0
7.3	0	0	1	0	0	0	0	0
6.3	0	0	0	1	0	0	0	0
8.1	1	0	0	0	0	0	0	0
5.9	0	1	0	0	0	0	0	0
6.5	0	0	1	0	0	0	0	0
7.745	0	0	0	0	0	0	0	1
5.83	0	0	0	0	1	0	0	0
6	1	0	0	0	0	0	0	0
3.7	0	0	0	1	0	0	0	0
6.8	1	0	0	0	0	0	0	0
14.89	0	0	0	0	0	1	0	0
5.8	0	0	0	1	0	0	0	0
5.02	0	0	0	0	0	0	0	1
9.665	0	0	0	0	0	1	0	0
4.79	0	0	0	0	0	0	1	0
8.29	0	0	0	0	0	0	1	0
8.785	0	0	0	0	0	0	0	1
6.8	0	0	0	0	0	0	1	0
7.53	0	0	0	0	0	0	0	1
6.585	0	0	0	0	0	0	0	1
10.47	0	0	0	0	0	1	0	0
6.7	1	0	0	0	0	0	0	0
9.505	0	0	0	0	1	0	0	0
6.1	0	0	1	0	0	0	0	0
6.5	0	0	1	0	0	0	0	0
5	1	0	0	0	0	0	0	0
6.735	0	0	0	0	0	0	1	0
3.865	0	0	0	0	0	1	0	0
3.94	0	0	0	0	1	0	0	0
5.75	0	0	0	1	0	0	0	0
4.25	0	0	0	0	0	0	0	1
3.03	0	0	0	0	0	0	1	0
6.4	0	0	0	1	0	0	0	0
5.9	0	1	0	0	0	0	0	0
8.1	1	0	0	0	0	0	0	0
7.945	0	0	0	0	0	0	1	0
3.095	0	0	0	0	0	0	1	0
6.3	0	1	0	0	0	0	0	0
6.22	0	0	0	0	0	1	0	0
7.25	0	0	0	1	0	0	0	0
5.4	0	1	0	0	0	0	0	0
8.8	1	0	0	0	0	0	0	0
7.725	0	0	0	0	0	0	0	1
8.18	0	0	0	0	0	0	1	0
4.9	0	0	1	0	0	0	0	0
8.1	1	0	0	0	0	0	0	0
7.405	0	0	0	0	0	1	0	0
4.5	0	0	0	1	0	0	0	0
6.26	0	0	0	0	1	0	0	0
7.1	0	0	1	0	0	0	0	0
9.91	0	0	0	0	0	1	0	0
7.35	0	0	0	1	0	0	0	0
6.195	0	0	0	0	0	0	0	1
7	1	0	0	0	0	0	0	0
6.205	0	0	0	0	1	0	0	0
8.4	0	1	0	0	0	0	0	0
7	0	1	0	0	0	0	0	0
4.84	0	0	0	0	0	0	1	0
8.5	1	0	0	0	0	0	0	0
6.5	0	1	0	0	0	0	0	0
3.9	0	0	1	0	0	0	0	0
7.29	0	0	0	0	0	0	0	1
10.5	0	0	0	1	0	0	0	0
6.1	1	0	0	0	0	0	0	0
6.5	1	0	0	0	0	0	0	0
6.6	0	0	1	0	0	0	0	0
4.3	0	0	0	0	1	0	0	0
5.7	0	0	0	1	0	0	0	0
3.425	0	0	0	0	0	0	1	0
5.5	1	0	0	0	0	0	0	0
4.5	0	0	1	0	0	0	0	0
7.8	0	0	0	1	0	0	0	0
6.6	1	0	0	0	0	0	0	0
9.75	0	0	0	1	0	0	0	0
5.1	1	0	0	0	0	0	0	0
6.4	1	0	0	0	0	0	0	0
6.41	0	0	0	0	0	0	0	1
7.355	0	0	0	0	0	1	0	0
6.3	1	0	0	0	0	0	0	0
5.18	0	0	0	0	0	0	1	0
7.3	0	1	0	0	0	0	0	0
10.2	0	0	0	0	0	0	1	0
8.7	0	0	1	0	0	0	0	0
4.4	0	0	1	0	0	0	0	0
9.95	0	0	0	0	0	1	0	0
5.7	1	0	0	0	0	0	0	0
3.8	0	1	0	0	0	0	0	0
4.105	0	0	0	0	0	0	1	0
7.1	0	0	1	0	0	0	0	0
10.5	1	0	0	0	0	0	0	0
11.635	0	0	0	0	0	0	1	0
9.835	0	0	0	0	0	1	0	0
7.3	0	0	1	0	0	0	0	0
8.25	0	0	0	1	0	0	0	0
5.45	0	0	0	0	0	0	1	0
5.135	0	0	0	0	0	1	0	0
6.1	0	0	1	0	0	0	0	0
6.725	0	0	0	0	0	0	1	0
9.96	0	1	0	0	0	0	0	0
6.65	0	0	0	1	0	0	0	0
6.15	0	0	0	0	0	0	0	1
10.295	0	0	0	0	0	1	0	0
11.3	1	0	0	0	0	0	0	0
4.5	0	0	0	1	0	0	0	0
5.7	1	0	0	0	0	0	0	0
3.81	0	0	0	0	0	0	0	1
3.8	0	0	0	1	0	0	0	0
4.945	0	0	0	0	0	0	0	1
3.95	0	0	0	1	0	0	0	0
8.45	0	0	0	0	0	0	0	1
6.4	0	0	0	0	0	1	0	0
4.2	0	0	0	1	0	0	0	0
10.415	0	0	0	0	0	1	0	0
5.1	0	1	0	0	0	0	0	0
6.9	0	0	1	0	0	0	0	0
6.625	0	0	0	0	0	0	0	1
4.5	0	0	0	1	0	0	0	0
5.05	0	0	0	1	0	0	0	0
13.4	0	0	0	0	0	1	0	0
7.58	0	0	0	0	0	0	0	1
8.8	0	0	0	1	0	0	0	0
4.7	0	1	0	0	0	0	0	0
8.75	0	1	0	0	0	0	0	0
6.3	1	0	0	0	0	0	0	0
6.74	0	0	0	0	0	0	0	1
8.9	1	0	0	0	0	0	0	0
5.9	0	1	0	0	0	0	0	0
4.9	0	0	1	0	0	0	0	0
7.725	0	0	0	0	0	0	0	1
6.9	1	0	0	0	0	0	0	0
7.23	0	0	0	0	0	1	0	0
8.805	0	0	0	0	0	1	0	0
5.15	0	0	0	1	0	0	0	0
9.11	0	0	0	0	0	0	0	1
10.2	0	0	0	1	0	0	0	0
4.515	0	0	0	0	0	0	1	0
6.75	0	0	0	1	0	0	0	0
7.1	1	0	0	0	0	0	0	0
3.24	0	0	0	0	0	0	1	0
6.2	0	0	1	0	0	0	0	0
8.085	0	0	0	0	0	0	0	1
6	0	0	1	0	0	0	0	0
5.5	1	0	0	0	0	0	0	0
6.2	1	0	0	0	0	0	0	0
4.225	0	0	0	0	1	0	0	0
6.5	0	0	1	0	0	0	0	0
6	1	0	0	0	0	0	0	0
6.4	0	0	0	1	0	0	0	0
5.5	1	0	0	0	0	0	0	0
7.3	0	1	0	0	0	0	0	0
6.15	0	0	0	1	0	0	0	0
4.37	0	0	0	0	0	0	1	0
5.595	0	0	0	0	0	1	0	0
6.93	0	1	0	0	0	0	0	0
4.52	0	0	0	0	0	0	1	0
5.985	0	0	0	0	0	1	0	0
5.235	0	0	0	0	1	0	0	0
4.85	0	0	0	1	0	0	0	0
5.2	0	1	0	0	0	0	0	0
3.495	0	0	0	0	0	1	0	0
7.445	0	0	0	0	0	0	1	0
6.83	0	0	0	0	1	0	0	0
7.2	1	0	0	0	0	0	0	0
2.8	0	0	1	0	0	0	0	0
8.51	0	0	0	0	0	0	0	1
4.085	0	0	0	0	1	0	0	0
4.3	0	0	1	0	0	0	0	0
8.92	0	0	0	0	0	0	0	1
6.1	1	0	0	0	0	0	0	0
3.1	0	0	0	1	0	0	0	0
3.5	0	0	0	1	0	0	0	0
5	1	0	0	0	0	0	0	0
3.025	0	0	0	0	0	0	1	0
6.9	0	0	1	0	0	0	0	0
6.1	0	1	0	0	0	0	0	0
6.945	0	0	0	0	0	0	0	1
7.525	0	0	0	0	0	0	0	1
6.725	0	0	0	0	0	0	0	1
7.4	1	0	0	0	0	0	0	0
8.2	1	0	0	0	0	0	0	0
6.98	0	0	0	0	1	0	0	0
								
4.4	0	0	1	0	0	0	0	0
6.8	1	0	0	0	0	0	0	0
7.33	0	1	0	0	0	0	0	0
9.305	0	0	0	0	0	0	0	1
7.7	1	0	0	0	0	0	0	0
6.7	1	0	0	0	0	0	0	0
4.655	0	0	0	0	0	0	1	0
7.4	1	0	0	0	0	0	0	0
5.3	0	0	0	0	1	0	0	0
6.6	0	0	1	0	0	0	0	0
4.9	0	1	0	0	0	0	0	0
5.1	0	1	0	0	0	0	0	0
6.1	0	0	1	0	0	0	0	0
5.56	0	0	0	0	0	0	1	0
3.965	0	0	0	0	0	0	0	1
8.055	0	0	0	0	0	0	0	1
8.2	0	1	0	0	0	0	0	0
4.7	1	0	0	0	0	0	0	0
6.105	0	0	0	0	0	0	1	0
9.035	0	0	0	0	0	1	0	0
8.21	0	0	0	0	0	1	0	0
5.3	0	1	0	0	0	0	0	0
7.765	0	0	0	0	0	0	1	0
8.2	1	0	0	0	0	0	0	0
7.125	0	0	0	0	0	0	0	1
5.46	0	0	0	0	0	1	0	0
7.5	0	0	0	1	0	0	0	0
7.25	0	0	0	1	0	0	0	0
3.9	0	0	1	0	0	0	0	0
7.95	0	0	0	0	0	0	0	1
11.12	0	0	0	0	0	0	1	0
6.2	1	0	0	0	0	0	0	0
6.475	0	0	0	0	0	0	0	1
5.8	0	0	1	0	0	0	0	0
6.8	0	1	0	0	0	0	0	0
5.1	0	0	0	1	0	0	0	0
5.8	1	0	0	0	0	0	0	0
9.46	0	0	0	0	0	1	0	0
7.65	0	0	0	1	0	0	0	0
5.8	1	0	0	0	0	0	0	0
8.785	0	0	0	0	0	1	0	0
9.05	0	0	0	1	0	0	0	0
2.53	0	0	0	0	0	1	0	0
5.84	0	0	0	0	0	0	1	0
4.2	0	0	0	1	0	0	0	0
8	0	0	0	1	0	0	0	0
7.795	0	0	0	0	0	1	0	0
6.1	1	0	0	0	0	0	0	0
4.3	0	0	0	0	1	0	0	0
6.505	0	0	0	0	1	0	0	0
6.5	1	0	0	0	0	0	0	0
3.95	0	0	0	1	0	0	0	0
8.46	0	0	0	0	0	0	0	1
6.76	0	1	0	0	0	0	0	0
5.03	0	0	0	0	0	0	0	1
6.3	1	0	0	0	0	0	0	0
4.24	0	0	0	0	0	0	1	0
6.2	0	0	1	0	0	0	0	0
6.53	0	0	0	0	0	0	0	1
5.22	0	0	0	0	0	0	1	0
7.41	0	0	0	0	0	0	0	1
5.045	0	0	0	0	0	0	1	0
5.24	0	1	0	0	0	0	0	0
6.9	0	1	0	0	0	0	0	0
5.8	0	0	1	0	0	0	0	0
7.75	0	0	0	0	0	0	0	1
5.4	0	0	0	1	0	0	0	0
6.18	0	0	0	0	1	0	0	0
7.1	0	0	0	1	0	0	0	0
8.81	0	0	0	0	0	1	0	0
7.3	0	1	0	0	0	0	0	0
7.415	0	0	0	0	0	0	0	1
8.4	0	0	1	0	0	0	0	0
6.3	0	0	0	1	0	0	0	0
7.605	0	0	0	0	0	0	1	0
4.11	0	0	0	0	0	0	0	1
6.1	1	0	0	0	0	0	0	0
8.345	0	0	0	0	0	0	1	0
6.4	0	1	0	0	0	0	0	0
10.05	0	0	0	0	0	0	1	0
4.6	0	1	0	0	0	0	0	0
4.3	0	1	0	0	0	0	0	0
6.6	0	0	1	0	0	0	0	0
8.1	1	0	0	0	0	0	0	0
7.81	0	0	0	0	0	0	0	1
7.3	1	0	0	0	0	0	0	0
7.88	0	0	0	0	0	1	0	0
7.58	0	0	0	0	0	0	0	1
8.99	0	0	0	0	0	0	0	1
9.05	0	1	0	0	0	0	0	0
6.8	1	0	0	0	0	0	0	0
5.535	0	0	0	0	0	1	0	0
5	0	0	1	0	0	0	0	0
6.6	0	1	0	0	0	0	0	0
4.3	0	0	1	0	0	0	0	0
3.15	0	0	0	0	0	0	0	1
7.4	1	0	0	0	0	0	0	0
7.2	1	0	0	0	0	0	0	0
10.9	0	0	0	0	0	0	1	0
4.1	0	0	0	0	1	0	0	0
5.9	1	0	0	0	0	0	0	0
5.2	0	0	1	0	0	0	0	0
4.5	0	0	1	0	0	0	0	0
6	1	0	0	0	0	0	0	0
6.6	0	0	1	0	0	0	0	0
6.9	0	1	0	0	0	0	0	0
9.04	0	0	0	0	0	0	0	1
3.605	0	0	0	0	0	0	0	1
5.9	1	0	0	0	0	0	0	0
4.3	0	0	1	0	0	0	0	0
4.635	0	0	0	0	0	0	0	1
7.75	0	0	0	0	0	0	0	1
6.33	0	0	0	0	0	0	1	0
5.535	0	0	0	0	0	1	0	0
4.74	0	0	0	0	1	0	0	0
6.18	0	0	0	0	1	0	0	0
6.15	0	0	0	1	0	0	0	0
4.7	0	1	0	0	0	0	0	0
5.1	0	1	0	0	0	0	0	0
7.385	0	0	0	0	0	0	0	1
7	0	0	0	0	0	1	0	0
8.24	0	0	0	0	0	0	0	1
6.2	0	0	1	0	0	0	0	0
7.425	0	0	0	0	0	0	1	0
4.635	0	0	0	0	0	0	1	0
7.565	0	0	0	0	0	0	0	1
7.64	0	0	0	0	0	0	0	1
7.8	0	0	0	1	0	0	0	0
5.1	0	1	0	0	0	0	0	0
6.45	0	0	0	1	0	0	0	0
8.45	0	0	0	1	0	0	0	0
5.2	1	0	0	0	0	0	0	0
4.95	0	0	0	1	0	0	0	0
5.7	0	1	0	0	0	0	0	0
6.7	0	0	1	0	0	0	0	0
6.33	0	0	0	0	0	0	0	1
13.49	0	0	0	0	0	0	1	0
8.325	0	0	0	0	0	0	1	0
12.95	0	0	0	0	0	1	0	0
7.8	1	0	0	0	0	0	0	0
3.78	0	0	0	0	0	0	1	0
7.72	0	0	0	0	0	0	0	1
5.8	0	1	0	0	0	0	0	0
5.17	0	0	0	0	0	0	1	0
9.255	0	0	0	0	0	1	0	0
5.75	0	0	0	1	0	0	0	0
6.75	0	0	0	1	0	0	0	0
6.23	0	0	0	0	1	0	0	0
7	1	0	0	0	0	0	0	0
4.95	0	0	0	1	0	0	0	0
4.295	0	0	0	0	0	0	0	1
8.865	0	0	0	0	0	1	0	0
4.585	0	0	0	0	0	0	1	0
3.69	0	0	0	0	0	0	1	0
5.9	0	0	1	0	0	0	0	0
8.2	0	1	0	0	0	0	0	0
6.98	0	0	0	0	0	1	0	0
5.1	0	0	1	0	0	0	0	0
6.2	0	1	0	0	0	0	0	0
8.3	0	1	0	0	0	0	0	0
7.07	0	1	0	0	0	0	0	0
5.785	0	0	0	0	0	1	0	0
8.3	0	0	1	0	0	0	0	0
6.985	0	0	0	0	0	0	0	1
6.9	1	0	0	0	0	0	0	0
3.32	0	0	0	0	1	0	0	0
5.8	0	1	0	0	0	0	0	0
2.86	0	0	0	0	1	0	0	0
6.6	0	1	0	0	0	0	0	0
4.84	0	0	0	0	0	0	0	1
5.9	0	0	1	0	0	0	0	0
4.935	0	0	0	0	1	0	0	0
6.145	0	0	0	0	0	0	1	0
3.955	0	0	0	0	0	0	1	0
4.61	0	0	0	0	0	0	0	1
4.875	0	0	0	0	0	1	0	0
6.2	0	0	1	0	0	0	0	0
6.395	0	0	0	0	0	1	0	0
6.55	0	0	0	0	0	0	1	0
4.65	0	0	0	1	0	0	0	0
7.7	0	0	0	1	0	0	0	0
5.8	0	1	0	0	0	0	0	0
8.2	0	0	0	1	0	0	0	0
8.2	0	1	0	0	0	0	0	0
4.4	1	0	0	0	0	0	0	0
7.2	0	0	1	0	0	0	0	0
4.7	1	0	0	0	0	0	0	0
5.4	0	1	0	0	0	0	0	0
7.56	0	0	0	0	0	0	0	1
5.715	0	0	0	0	0	1	0	0
10.865	0	0	0	0	0	1	0	0
6.975	0	0	0	0	0	0	0	1
5.82	0	0	0	0	0	0	1	0
6.115	0	0	0	0	0	1	0	0
9.105	0	0	0	0	0	1	0	0
7.7	0	1	0	0	0	0	0	0
7.85	0	0	0	1	0	0	0	0
6.51	0	1	0	0	0	0	0	0
6.505	0	0	0	0	1	0	0	0
5.3	0	0	1	0	0	0	0	0
7.8	0	0	1	0	0	0	0	0
8.85	0	0	0	1	0	0	0	0
3.625	0	0	0	0	0	0	0	1
6	0	1	0	0	0	0	0	0
5.165	0	0	0	0	0	0	0	1
6.98	0	0	0	0	0	1	0	0
								
								
6.535	0	0	0	0	0	0	0	1
								
6.66	0	0	0	0	1	0	0	0
8.365	0	0	0	0	0	1	0	0
								
								
5.535	0	0	0	0	0	0	0	1
7.285	0	0	0	0	0	1	0	0
								
3.21	0	0	0	0	0	1	0	0
								
4.9	1	0	0	0	0	0	0	0
								
5.505	0	0	0	0	0	0	0	1
6.44	0	0	0	0	0	0	1	0
8.9	0	1	0	0	0	0	0	0
7.105	0	0	0	0	0	1	0	0
4.7	0	0	1	0	0	0	0	0
4.065	0	0	0	0	0	0	0	1
5.605	0	0	0	0	0	0	1	0
5.7	0	0	0	1	0	0	0	0
7.2	1	0	0	0	0	0	0	0
8.1	1	0	0	0	0	0	0	0
5.155	0	0	0	0	0	0	1	0
7.295	0	0	0	0	0	0	0	1
6.78	0	0	0	0	0	0	0	1
6.385	0	0	0	0	0	1	0	0
6.4	1	0	0	0	0	0	0	0
10.23	0	0	0	0	0	1	0	0
6.065	0	0	0	0	0	0	1	0
3.7	0	0	1	0	0	0	0	0
6.3	1	0	0	0	0	0	0	0
5.3	1	0	0	0	0	0	0	0
								
6.9	0	1	0	0	0	0	0	0
7	0	0	0	1	0	0	0	0
5.4	0	1	0	0	0	0	0	0
6.045	0	0	0	0	0	0	0	1
8.185	0	0	0	0	0	0	1	0
5.6	0	1	0	0	0	0	0	0
6.925	0	0	0	0	1	0	0	0
6.185	0	0	0	0	1	0	0	0
6.92	0	0	0	0	0	0	1	0
6.105	0	0	0	0	0	0	1	0
7.11	0	0	0	0	0	0	0	1
4.965	0	0	0	0	0	1	0	0
6.95	0	0	0	1	0	0	0	0
5.865	0	0	0	0	1	0	0	0
6.2	1	0	0	0	0	0	0	0
7.645	0	0	0	0	0	1	0	0
4.62	0	0	0	0	0	1	0	0
6.2	0	0	1	0	0	0	0	0
7.9	0	0	0	1	0	0	0	0
6.4	0	0	1	0	0	0	0	0
5.69	0	1	0	0	0	0	0	0
6.77	0	0	0	0	0	0	0	1
6.66	0	0	0	0	0	0	1	0
7.855	0	0	0	0	0	0	0	1
4.58	0	0	0	0	0	0	1	0
8.48	0	0	0	0	0	0	0	1
4.72	0	0	0	0	0	1	0	0
6.18	0	0	0	0	0	0	0	1
6.5	1	0	0	0	0	0	0	0
10.46	0	0	0	0	0	1	0	0
7.17	0	0	0	0	0	0	0	1
4.725	0	0	0	0	0	0	1	0
5.9	1	0	0	0	0	0	0	0
4.71	0	0	0	0	0	1	0	0
7.3	0	0	0	0	0	0	0	1
5.61	0	1	0	0	0	0	0	0
6.8	0	1	0	0	0	0	0	0
7.1	0	1	0	0	0	0	0	0
8.445	0	0	0	0	0	1	0	0
5	0	1	0	0	0	0	0	0
7.6	0	0	0	0	0	0	0	1
6.6	0	1	0	0	0	0	0	0
5.575	0	0	0	0	0	0	1	0
7.8	1	0	0	0	0	0	0	0
6.68	0	0	0	0	0	0	0	1
8.3	0	1	0	0	0	0	0	0
11.01	0	0	0	0	0	1	0	0
8.085	0	0	0	0	0	1	0	0
7.06	0	0	0	0	0	1	0	0
6.995	0	0	0	0	0	0	0	1
5.995	0	0	0	0	0	1	0	0
6.175	0	0	0	0	0	0	1	0
10.92	0	0	0	0	0	1	0	0
6.2	0	0	0	0	0	1	0	0
7.6	0	0	1	0	0	0	0	0
8.18	0	0	0	0	0	0	1	0
5.795	0	0	0	0	0	0	0	1
8.38	0	0	0	0	0	0	0	1
7.78	0	0	0	0	0	0	1	0
6.76	0	0	0	0	0	0	0	1
6	0	0	0	1	0	0	0	0
4.5	0	0	0	1	0	0	0	0
8.18	0	0	0	0	0	0	0	1
4.8	0	0	0	1	0	0	0	0
7.4	0	0	0	0	0	0	0	1
6	0	1	0	0	0	0	0	0
8.325	0	0	0	0	0	0	1	0
6.6	0	0	1	0	0	0	0	0
5.6	0	1	0	0	0	0	0	0
7.545	0	0	0	0	0	1	0	0
6.1	1	0	0	0	0	0	0	0
2.8	1	0	0	0	0	0	0	0
8.955	0	0	0	0	1	0	0	0
7.73	0	0	0	0	0	0	0	1
7.495	0	0	0	0	0	1	0	0
4.205	0	0	0	0	1	0	0	0
5.3	1	0	0	0	0	0	0	0
4.775	0	0	0	0	0	0	1	0
6.185	0	0	0	0	1	0	0	0
7.2	0	0	1	0	0	0	0	0
5.57	0	0	0	0	0	0	0	1
								
								
								
								
								
								
								
								
								
								
								
7.45	0	0	0	0	0	0	0	1
								
4.8	1	0	0	0	0	0	0	0
								
								
8.125	0	0	0	0	0	1	0	0
5.88	0	0	0	0	0	1	0	0
3.38	0	0	0	0	0	0	0	1
8.025	0	0	0	0	0	1	0	0
4.815	0	0	0	0	0	0	0	1
3.775	0	0	0	0	0	0	1	0
5.88	0	0	0	0	1	0	0	0
5.45	0	0	0	0	0	0	1	0
5.6	0	0	0	0	0	0	0	1
7.4	0	1	0	0	0	0	0	0
5.7	0	1	0	0	0	0	0	0
6.6	1	0	0	0	0	0	0	0
4.115	0	0	0	0	1	0	0	0
5.7	1	0	0	0	0	0	0	0
6.335	0	0	0	0	0	0	0	1
5.095	0	0	0	0	0	0	0	1
5.32	0	0	0	0	0	0	1	0
7.07	0	0	0	0	0	0	0	1
5.44	0	1	0	0	0	0	0	0
4.57	0	0	0	0	1	0	0	0
4.62	0	1	0	0	0	0	0	0
3.155	0	0	0	0	0	0	1	0
8.1	0	0	0	0	0	1	0	0
5.5	0	0	1	0	0	0	0	0
5.1	1	0	0	0	0	0	0	0
8.3	0	1	0	0	0	0	0	0
7.17	0	0	0	0	0	0	0	1
7.7	1	0	0	0	0	0	0	0
5.17	0	0	0	0	0	0	0	1
6.7	0	1	0	0	0	0	0	0
8.12	0	1	0	0	0	0	0	0
5.3	1	0	0	0	0	0	0	0
6.695	0	0	0	0	0	1	0	0
6.4	1	0	0	0	0	0	0	0
0.6	0	0	1	0	0	0	0	0
5.85	0	0	0	1	0	0	0	0
8.53	0	0	0	0	0	1	0	0
8.245	0	0	0	0	0	0	0	1
3.625	0	0	0	0	0	0	0	1
6	0	0	1	0	0	0	0	0
7.2	0	1	0	0	0	0	0	0
5.28	0	0	0	0	0	0	1	0
6.3	0	1	0	0	0	0	0	0
7.44	0	0	0	0	0	0	0	1
5.76	0	0	0	0	1	0	0	0
4.73	0	0	0	0	0	1	0	0
8.09	0	1	0	0	0	0	0	0
8.805	0	0	0	0	0	1	0	0
4.6	0	1	0	0	0	0	0	0
6.9	0	0	1	0	0	0	0	0
6.6	0	1	0	0	0	0	0	0
								
7.29	0	0	0	0	0	0	0	1
9.095	0	0	0	0	0	0	0	1
8.5	0	1	0	0	0	0	0	0
7.42	0	1	0	0	0	0	0	0
8.06	0	0	0	0	0	0	0	1
3.9	1	0	0	0	0	0	0	0
7.49	0	0	0	0	0	0	1	0
4.46	0	0	0	0	0	0	0	1
4.9	0	1	0	0	0	0	0	0
6.215	0	0	0	0	0	0	0	1
8.145	0	0	0	0	0	1	0	0
8.3	1	0	0	0	0	0	0	0
6.065	0	0	0	0	0	0	1	0
9.3	1	0	0	0	0	0	0	0
5.25	0	0	0	1	0	0	0	0
10.365	0	0	0	0	0	1	0	0
7.14	0	0	0	0	0	1	0	0
3.795	0	0	0	0	1	0	0	0
7.6	0	0	0	1	0	0	0	0
3.1	0	0	1	0	0	0	0	0
5.935	0	0	0	0	0	0	1	0
6.03	0	0	0	0	0	0	0	1
6.1	0	0	1	0	0	0	0	0
								
5.8	1	0	0	0	0	0	0	0
7.3	0	1	0	0	0	0	0	0
6.33	0	0	0	0	1	0	0	0
7.995	0	0	0	0	0	0	0	1
6.895	0	0	0	0	0	0	0	1
2.77	0	0	0	0	0	1	0	0
4.775	0	0	0	0	0	0	0	1
6.1	0	0	1	0	0	0	0	0
5.05	0	0	0	1	0	0	0	0
7.4	1	0	0	0	0	0	0	0
7.6	0	0	1	0	0	0	0	0
6.7	1	0	0	0	0	0	0	0
4.585	0	0	0	0	0	0	0	1
6.3	1	0	0	0	0	0	0	0
2.815	0	0	0	0	0	0	1	0
9.995	0	0	0	0	0	1	0	0
6.055	0	0	0	0	0	0	1	0
6.405	0	0	0	0	0	0	0	1
4.5	1	0	0	0	0	0	0	0
5.86	0	0	0	0	0	0	0	1
5.3	0	0	0	0	0	0	0	1
6.5	0	0	0	1	0	0	0	0
7.9	0	1	0	0	0	0	0	0
8.7	0	1	0	0	0	0	0	0
6.7	0	0	0	1	0	0	0	0
5.05	0	0	0	1	0	0	0	0
4.6	1	0	0	0	0	0	0	0
7.44	0	0	0	0	1	0	0	0
6	0	0	1	0	0	0	0	0
6.51	0	0	0	0	0	0	1	0
5	0	0	0	1	0	0	0	0
5.11	0	0	0	0	0	0	1	0
5.165	0	0	0	0	1	0	0	0
6.2	0	0	1	0	0	0	0	0
6.7	0	0	1	0	0	0	0	0
6.885	0	0	0	0	0	1	0	0
7.855	0	0	0	0	0	0	0	1
5.18	0	0	0	0	0	0	0	1
9.75	0	0	0	0	0	1	0	0
7.22	0	0	0	0	1	0	0	0
7.3	0	0	1	0	0	0	0	0
8.305	0	0	0	0	0	0	1	0
2.88	0	0	0	0	0	0	0	1
8.095	0	0	0	0	0	0	0	1
7.785	0	0	0	0	1	0	0	0
5.41	0	0	0	0	0	1	0	0
5.355	0	0	0	0	0	1	0	0
5.15	0	0	0	1	0	0	0	0
6.5	0	1	0	0	0	0	0	0
8.12	0	1	0	0	0	0	0	0
7.8	0	0	0	0	0	1	0	0
7.5	0	1	0	0	0	0	0	0
7.4	0	1	0	0	0	0	0	0
5.68	0	0	0	0	0	0	0	1
7.9	1	0	0	0	0	0	0	0
5.075	0	0	0	0	0	0	0	1
5.36	0	0	0	0	0	1	0	0
8	0	0	0	1	0	0	0	0
5.5	0	0	1	0	0	0	0	0
5.1	0	0	1	0	0	0	0	0
7.5	1	0	0	0	0	0	0	0
7.78	0	0	0	0	0	1	0	0
5.6	0	0	0	1	0	0	0	0
4.09	0	0	0	0	0	0	0	1
7.785	0	0	0	0	0	0	0	1
4.6	1	0	0	0	0	0	0	0
4.87	0	0	0	0	0	1	0	0
7.2	0	1	0	0	0	0	0	0
4.4	0	0	1	0	0	0	0	0
5.055	0	0	0	0	0	0	0	1
7.405	0	0	0	0	0	0	1	0
7.255	0	0	0	0	0	1	0	0
5.9	0	0	1	0	0	0	0	0
6.235	0	0	0	0	0	0	1	0
7	0	1	0	0	0	0	0	0
5.71	0	0	0	0	0	0	1	0
5.5	0	0	1	0	0	0	0	0
6.46	0	0	0	0	1	0	0	0
5.2	0	0	0	0	0	0	0	1
5.645	0	0	0	0	0	0	0	1
5.55	0	0	0	1	0	0	0	0
3.62	0	0	0	0	0	0	0	1
6.38	0	0	0	0	0	0	1	0
3.205	0	0	0	0	0	0	0	1
5.175	0	0	0	0	0	0	0	1
6.975	0	0	0	0	1	0	0	0
6.795	0	0	0	0	0	1	0	0
4	0	0	0	0	1	0	0	0
6.6	0	1	0	0	0	0	0	0
5.85	0	0	0	1	0	0	0	0
5.035	0	0	0	0	0	1	0	0
4.88	0	0	0	0	0	0	0	1
4.7	0	1	0	0	0	0	0	0
8.575	0	0	0	0	0	0	0	1
3.25	0	0	0	1	0	0	0	0
7.9	0	0	1	0	0	0	0	0
5.545	0	0	0	0	1	0	0	0
3.78	0	0	0	0	0	0	1	0
3.325	0	0	0	0	0	0	0	1
4.085	0	0	0	0	0	0	0	1
5.43	0	0	0	0	0	0	0	1
6.595	0	0	0	0	0	0	0	1
5.66	0	0	0	0	0	0	1	0
6.94	0	1	0	0	0	0	0	0
3.1	0	0	0	1	0	0	0	0
4.705	0	0	0	0	0	0	1	0
6.5	0	0	1	0	0	0	0	0
5.175	0	0	0	0	1	0	0	0
6.45	0	0	0	1	0	0	0	0
6.12	0	0	0	0	0	0	0	1
4.4	1	0	0	0	0	0	0	0
3.705	0	0	0	0	1	0	0	0
4.375	0	0	0	0	0	0	1	0
5.66	0	0	0	0	0	0	0	1
4.085	0	0	0	0	0	0	1	0
6.8	0	0	1	0	0	0	0	0
4.95	0	0	0	0	0	0	0	1
8.6	0	1	0	0	0	0	0	0
6.01	0	0	0	0	0	0	0	1
6	0	1	0	0	0	0	0	0
4.37	0	0	0	0	0	0	0	1
5.6	1	0	0	0	0	0	0	0
6.8	0	0	1	0	0	0	0	0
5.79	0	1	0	0	0	0	0	0
6.9	0	0	0	1	0	0	0	0
3.63	0	0	0	0	0	0	1	0
5.88	0	0	0	0	0	1	0	0
7.79	0	0	0	0	0	0	0	1
6.5	0	1	0	0	0	0	0	0
6.2	1	0	0	0	0	0	0	0
4.68	0	0	0	0	0	0	1	0
9.3	0	0	1	0	0	0	0	0
5.08	0	0	0	0	0	0	1	0
6.68	0	0	0	0	0	0	0	1
2.9	0	0	1	0	0	0	0	0
5.65	0	0	0	1	0	0	0	0
5.25	0	1	0	0	0	0	0	0
4.79	0	0	0	0	0	0	0	1
8.2	0	0	1	0	0	0	0	0
7.25	0	0	0	0	0	0	0	1
7.46	0	0	0	0	0	0	0	1
3.5	0	1	0	0	0	0	0	0
7.25	0	0	0	0	0	0	0	1
5.68	0	0	0	0	1	0	0	0
8	1	0	0	0	0	0	0	0
3.5	0	0	1	0	0	0	0	0
5	0	0	1	0	0	0	0	0
5.4	0	0	0	0	0	1	0	0
6.4	0	0	1	0	0	0	0	0
7.46	0	0	0	0	0	0	0	1
4.05	0	0	0	1	0	0	0	0
5.4	1	0	0	0	0	0	0	0
6.3	0	0	1	0	0	0	0	0
7	1	0	0	0	0	0	0	0
5.75	0	0	0	0	0	0	1	0
5.1	0	0	1	0	0	0	0	0
5.675	0	0	0	0	1	0	0	0
4.425	0	0	0	0	0	1	0	0
4.86	0	0	0	0	0	1	0	0
5.2	1	0	0	0	0	0	0	0
8.415	0	0	0	0	0	1	0	0
4.6	0	0	1	0	0	0	0	0
9.26	0	0	0	0	0	1	0	0
6.2	0	0	0	1	0	0	0	0
7.25	0	0	0	1	0	0	0	0
6.2	0	0	1	0	0	0	0	0
8.53	0	0	0	0	0	0	0	1
7.5	1	0	0	0	0	0	0	0
4.6	0	0	1	0	0	0	0	0
6.2	0	0	1	0	0	0	0	0
7.2	0	0	1	0	0	0	0	0
7.015	0	0	0	0	0	1	0	0
9.2	1	0	0	0	0	0	0	0
6.3	0	1	0	0	0	0	0	0
5.8	0	0	1	0	0	0	0	0
3.7	0	0	1	0	0	0	0	0
4.56	0	0	0	0	1	0	0	0
6.3	0	1	0	0	0	0	0	0
4.715	0	0	0	0	0	1	0	0
4.1	1	0	0	0	0	0	0	0
6.135	0	0	0	0	1	0	0	0
7.7	0	0	1	0	0	0	0	0
4.65	0	0	0	0	1	0	0	0
5.8	1	0	0	0	0	0	0	0
5.735	0	0	0	0	0	0	0	1
								
6.6	1	0	0	0	0	0	0	0
7.3	0	0	0	1	0	0	0	0
5.5	0	1	0	0	0	0	0	0
4.8	0	0	1	0	0	0	0	0
								
5.3	1	0	0	0	0	0	0	0
9.575	0	0	0	0	0	1	0	0
5.8	0	0	0	0	0	1	0	0
6.26	0	0	0	0	0	1	0	0
5	0	1	0	0	0	0	0	0
5.415	0	0	0	0	0	0	1	0
8.13	0	0	0	0	0	0	1	0
7.085	0	0	0	0	0	0	1	0
5.695	0	0	0	0	0	1	0	0
8.5	0	0	0	1	0	0	0	0
6.5	0	1	0	0	0	0	0	0
7.765	0	0	0	0	1	0	0	0
6.9	0	0	1	0	0	0	0	0
5.975	0	0	0	0	0	1	0	0
5.7	0	0	1	0	0	0	0	0
9.515	0	0	0	0	0	1	0	0
5.525	0	0	0	0	0	0	0	1
4.5	0	0	0	1	0	0	0	0
6.735	0	0	0	0	0	1	0	0
8.805	0	0	0	0	0	0	1	0
3.58	0	1	0	0	0	0	0	0
7.375	0	0	0	0	0	1	0	0
4.9	1	0	0	0	0	0	0	0
5.7	1	0	0	0	0	0	0	0
4.695	0	0	0	0	1	0	0	0
5.4	0	1	0	0	0	0	0	0
9.38	0	0	0	0	0	1	0	0
4.9	1	0	0	0	0	0	0	0
7.7	1	0	0	0	0	0	0	0
4.4	0	1	0	0	0	0	0	0
6.7	1	0	0	0	0	0	0	0
5.4	0	1	0	0	0	0	0	0
5.3	0	0	0	1	0	0	0	0
7.6	1	0	0	0	0	0	0	0
5.28	0	0	0	0	1	0	0	0
6.33	0	0	0	0	0	0	0	1
6.03	0	1	0	0	0	0	0	0
8.68	0	0	0	0	0	0	1	0
6.9	0	0	1	0	0	0	0	0
6.4	0	0	1	0	0	0	0	0
7.2	1	0	0	0	0	0	0	0
6.86	0	1	0	0	0	0	0	0
10.9	0	0	0	1	0	0	0	0
6.9	0	0	1	0	0	0	0	0
3.855	0	0	0	0	0	0	0	1
5.22	0	0	0	0	0	0	1	0
3.105	0	0	0	0	1	0	0	0
4.9	0	0	1	0	0	0	0	0
4.9	0	0	0	1	0	0	0	0
4.235	0	0	0	0	0	0	0	1
7.2	0	0	1	0	0	0	0	0
4.77	0	0	0	0	1	0	0	0
6.6	0	0	1	0	0	0	0	0
5.4	0	1	0	0	0	0	0	0
4.9	0	0	1	0	0	0	0	0
								
								
								
5.11	0	1	0	0	0	0	0	0
4.4	0	1	0	0	0	0	0	0
3.975	0	0	0	0	0	0	0	1
4.145	0	0	0	0	0	0	1	0
8	1	0	0	0	0	0	0	0
6.7	1	0	0	0	0	0	0	0
4.485	0	0	0	0	0	0	0	1
7.38	0	0	0	0	0	0	1	0
6.4	0	0	0	0	0	1	0	0
7.5	0	0	1	0	0	0	0	0
6.9	0	0	0	0	1	0	0	0
4.4	0	0	1	0	0	0	0	0
7.1	1	0	0	0	0	0	0	0
5.01	0	0	0	0	0	0	1	0
7.95	0	0	0	1	0	0	0	0
7.38	0	0	0	0	0	1	0	0
6.4	0	0	0	0	0	0	1	0
6.29	0	0	0	0	0	0	0	1
5.5	0	0	1	0	0	0	0	0
7.965	0	0	0	0	0	0	0	1
7.05	0	0	0	0	0	0	0	1
5.69	0	0	0	0	1	0	0	0
4.45	0	0	0	1	0	0	0	0
5.7	0	1	0	0	0	0	0	0
7.585	0	0	0	0	0	0	0	1
6.4	0	1	0	0	0	0	0	0
5.605	0	0	0	0	0	0	1	0
8.915	0	0	0	0	0	0	1	0
10.375	0	0	0	0	0	1	0	0
								
8.705	0	0	0	0	0	1	0	0
8.44	0	1	0	0	0	0	0	0
7.1	0	1	0	0	0	0	0	0
5.855	0	0	0	0	0	0	0	1
5.7	0	0	1	0	0	0	0	0
5.9	0	0	0	1	0	0	0	0
5.395	0	0	0	0	0	0	0	1
6.075	0	0	0	0	0	0	0	1
7.1	0	1	0	0	0	0	0	0
5.5	0	1	0	0	0	0	0	0
5.39	0	0	0	0	0	0	0	1
8.2	0	1	0	0	0	0	0	0
5.7	0	1	0	0	0	0	0	0
4.565	0	0	0	0	1	0	0	0
5	0	1	0	0	0	0	0	0
5.42	0	0	0	0	1	0	0	0
5.5	1	0	0	0	0	0	0	0
5.2	0	0	0	0	0	0	1	0
6.01	0	1	0	0	0	0	0	0
5.3	1	0	0	0	0	0	0	0
5.3	0	0	1	0	0	0	0	0
6.83	0	0	0	0	0	0	1	0
6.115	0	0	0	0	0	1	0	0
								
								
4.675	0	0	0	0	0	0	1	0
6.6	0	0	1	0	0	0	0	0
7.555	0	0	0	0	0	0	0	1
5.825	0	0	0	0	1	0	0	0
9.36	0	1	0	0	0	0	0	0
3.18	0	0	0	0	1	0	0	0
