NA	NA	NA	NA	NA	NA	NA	NA	NA	-0.000972651	-0.00157043	-0.0143826
7.165	0	0	0	0	0	0	0	1	0.00134812	-0.000682996	-0.00485308
6.55	0	0	0	0	1	0	0	0	0.00135769	-0.000649248	-0.00454244
7.02	0	1	0	0	0	0	0	0	0.00134574	-0.000702249	-0.00530006
10.15	0	0	0	0	1	0	0	0	0.00107217	-0.000211245	0.0132965
6.565	0	0	0	0	1	0	0	0	0.00108376	-0.000231823	0.0120685
NA	NA	NA	NA	NA	NA	NA	NA	NA	0.00107685	-0.000277976	0.0124621
7.795	0	0	0	0	1	0	0	0	0.00104427	-0.000103776	0.0131349
6.68	0	0	0	0	1	0	0	0	0.00103794	-0.000272876	0.0134482
5.215	0	0	0	0	1	0	0	0	0.00107349	-0.000193451	0.0136957
6.705	0	0	0	0	1	0	0	0	0.00106827	-0.000168293	0.0121263
6.28	0	0	0	0	1	0	0	0	0.00103319	-0.000263431	0.0130096
NA	NA	NA	NA	NA	NA	NA	NA	NA	0.0010676	-0.00022586	0.0127182
7.3	0	0	0	0	0	0	1	0	0.00131355	-0.000688602	-0.00679796
NA	NA	NA	NA	NA	NA	NA	NA	NA	0.000980831	-0.000201514	0.0130733
5.15	0	0	0	0	0	1	0	0	0.00110197	-0.000239775	0.0127622
4.305	0	0	0	0	1	0	0	0	0.00106376	-0.0002447	0.0121204
11.24	0	0	0	0	1	0	0	0	0.00108303	-0.00016533	0.0125275
7.39	0	0	0	0	0	1	0	0	0.00110059	-0.000267008	0.0141888
5.825	0	0	0	0	0	1	0	0	0.00105214	-0.000205189	0.0134953
3.515	0	0	0	0	0	1	0	0	0.00104941	-0.000154835	0.0158909
8.275	0	0	0	0	1	0	0	0	0.00106758	-0.000210573	0.0133877
5.995	0	0	0	0	0	0	1	0	0.000982896	-0.000181511	0.0619066
6.17	0	0	0	0	1	0	0	0	0.00100557	-0.000167953	0.0612254
4.19	0	1	0	0	0	0	0	0	0.00132904	-0.000698763	-0.00752261
4.63	0	0	0	0	1	0	0	0	0.0010021	-0.000156126	0.0614004
6.785	0	0	0	0	1	0	0	0	0.00097607	-0.000163459	0.0616623
4.85	0	0	0	0	1	0	0	0	0.000991847	-0.000201795	0.062964
NA	NA	NA	NA	NA	NA	NA	NA	NA	0.00102487	-0.000189271	0.0633119
10.61	0	0	0	0	0	1	0	0	0.000999315	-0.000212226	0.0600839
7.155	0	0	0	0	0	1	0	0	0.000996421	-0.000159401	0.0618291
8.53	0	0	0	0	1	0	0	0	0.000993857	-0.000237059	0.0611135
9.415	0	0	0	0	1	0	0	0	0.000961069	-0.000223248	0.0620549
6.245	0	0	0	0	0	1	0	0	0.00103417	-0.000186062	0.0624944
9.245	0	0	0	0	0	0	1	0	0.00100156	-0.000194971	0.0628294
5.8	0	1	0	0	0	0	0	0	0.00130376	-0.00060395	-0.00537772
3.035	0	0	0	0	0	0	1	0	0.000965404	-0.000146677	0.0609279
6.15	0	0	0	0	1	0	0	0	0.000990682	-0.000171462	0.061473
2.765	0	0	0	0	0	1	0	0	0.000966496	-0.000164309	0.0494704
8.48	0	0	0	0	1	0	0	0	0.000965018	-0.000206183	0.0532335
6.025	0	0	0	0	1	0	0	0	0.000933962	-0.000145646	0.0564385
5.22	0	0	0	0	1	0	0	0	0.000924792	-0.000196009	0.055701
NA	NA	NA	NA	NA	NA	NA	NA	NA	0.000989551	-0.000196897	0.0610602
6.81	0	0	0	0	0	1	0	0	0.000977881	-0.000170343	0.0630685
6.63	0	0	0	0	0	1	0	0	0.00097698	-0.000172465	0.0623053
NA	NA	NA	NA	NA	NA	NA	NA	NA	0.000923983	-0.000134758	0.0648029
5.425	0	0	0	0	0	0	1	0	0.00136524	-0.000649854	-0.00275423
NA	NA	NA	NA	NA	NA	NA	NA	NA	0.000941852	-0.000123714	0.0607171
5.575	0	0	0	0	1	0	0	0	0.000893002	-0.000144748	0.0632871
4.72	0	0	0	0	1	0	0	0	0.000974242	-0.000124047	0.062239
3.785	0	0	0	0	0	0	1	0	0.000927599	-0.000140175	0.0617824
6.525	0	0	0	0	1	0	0	0	0.000913503	-0.000137634	0.0579974
6.73	0	0	0	0	0	1	0	0	0.000936921	-0.00014732	0.0637771
5.215	0	0	0	0	1	0	0	0	0.000945922	-0.000155864	0.0595107
2.63	0	0	0	0	0	0	1	0	0.000848781	-5.67815e-05	0.0794058
5.68	0	0	0	0	0	1	0	0	0.000858273	-0.000107091	0.0727007
3.415	0	0	0	0	0	0	1	0	0.000907682	-0.00010881	0.0712731
4.49	0	0	0	0	0	0	1	0	0.00127631	-0.000664713	-0.00647356
5.06	0	0	0	0	0	0	1	0	0.000921132	-9.89482e-05	0.0698968
2.605	0	0	0	0	0	1	0	0	0.000907136	-0.000112014	0.0716533
5.735	0	0	0	0	1	0	0	0	0.000888115	-0.000112524	0.071945
NA	NA	NA	NA	NA	NA	NA	NA	NA	0.000887694	-0.000123071	0.072237
6.525	0	0	0	0	1	0	0	0	0.00087261	-0.000100126	0.0722452
4.625	0	0	0	0	1	0	0	0	0.000837806	-9.09225e-05	0.0720686
NA	NA	NA	NA	NA	NA	NA	NA	NA	0.000881667	-0.000102793	0.0733225
5.83	0	0	0	0	0	0	1	0	0.000880572	-9.08313e-05	0.0737234
4.065	0	0	0	0	1	0	0	0	0.000837402	-9.42202e-05	0.0740014
5.39	0	0	0	0	0	0	1	0	0.000898502	-7.12854e-05	0.0726309
5.535	0	0	0	0	1	0	0	0	0.000822606	-7.3879e-05	0.0735105
NA	NA	NA	NA	NA	NA	NA	NA	NA	0.000840263	-7.34752e-05	0.071876
5.015	0	0	0	0	1	0	0	0	0.000878957	-9.17474e-05	0.0697125
4.735	0	0	0	0	1	0	0	0	0.000855536	-6.19141e-05	0.0705441
5.525	0	0	0	0	1	0	0	0	0.00087846	-9.28514e-05	0.0709694
2.615	0	0	0	0	0	1	0	0	0.000882768	-0.000100695	0.0723124
3.005	0	0	0	0	0	1	0	0	0.000877759	-6.89431e-05	0.0735932
5.67	0	0	0	0	0	1	0	0	0.00091386	-0.000117706	0.0701208
3.215	0	0	0	0	1	0	0	0	0.000839194	-6.93184e-05	0.0712982
6.865	0	0	0	0	1	0	0	0	0.000822991	-0.000122249	0.078818
4.45	0	0	0	1	0	0	0	0	0.00134683	-0.000650862	-0.00613514
2.725	0	0	0	0	1	0	0	0	0.000843764	-7.5346e-05	0.0716521
3.365	0	0	0	0	1	0	0	0	0.000807829	-6.05824e-05	0.0785827
5.325	0	0	0	0	1	0	0	0	0.000739952	1.94371e-05	0.0608128
7.695	0	0	0	0	1	0	0	0	0.000792864	-4.47694e-05	0.0790353
NA	NA	NA	NA	NA	NA	NA	NA	NA	0.000888757	-8.77141e-05	0.0672872
NA	NA	NA	NA	NA	NA	NA	NA	NA	0.000825774	-3.86283e-05	0.0797382
NA	NA	NA	NA	NA	NA	NA	NA	NA	0.000879899	-6.73056e-05	0.0775701
NA	NA	NA	NA	NA	NA	NA	NA	NA	0.000806258	-3.36823e-05	0.0790575
7.91	0	0	0	0	1	0	0	0	0.000780055	-5.11372e-05	0.0782555
NA	NA	NA	NA	NA	NA	NA	NA	NA	0.000872478	-6.41577e-05	0.0780139
4.15	0	0	0	1	0	0	0	0	0.00129903	-0.000643315	-0.00478993
5.545	0	0	0	0	1	0	0	0	0.000815577	-4.42502e-05	0.0790508
NA	NA	NA	NA	NA	NA	NA	NA	NA	0.000861613	-5.05163e-05	0.0796617
2.705	0	0	0	0	0	1	0	0	0.000802535	2.15248e-06	0.0802117
NA	NA	NA	NA	NA	NA	NA	NA	NA	0.00077747	-3.8312e-05	0.0792336
NA	NA	NA	NA	NA	NA	NA	NA	NA	0.000815401	-4.70723e-05	0.0790012
NA	NA	NA	NA	NA	NA	NA	NA	NA	0.000818421	-6.24057e-05	0.0805954
NA	NA	NA	NA	NA	NA	NA	NA	NA	0.000802606	-7.52181e-05	0.0814578
3.87	0	0	0	0	1	0	0	0	0.000864712	-9.73101e-05	0.0790937
NA	NA	NA	NA	NA	NA	NA	NA	NA	0.000841333	-7.54856e-05	0.0828469
NA	NA	NA	NA	NA	NA	NA	NA	NA	0.000710495	5.33501e-05	0.0783041
6.9	0	1	0	0	0	0	0	0	0.00134063	-0.000677022	-0.00665451
NA	NA	NA	NA	NA	NA	NA	NA	NA	0.00078257	-3.04641e-05	0.0767087
4.265	0	0	0	0	0	1	0	0	0.000811443	-4.71095e-05	0.0788791
7.02	0	0	0	0	0	1	0	0	0.000757483	-2.12105e-05	0.0791509
3.67	0	0	0	0	0	0	1	0	0.000793449	-2.22626e-05	0.0772622
7.18	0	0	0	0	1	0	0	0	0.000820372	-3.71078e-05	0.0778892
8.315	0	0	0	0	0	1	0	0	0.000686233	5.24158e-06	0.0803618
8.395	0	0	0	0	1	0	0	0	0.000801875	-4.3619e-05	0.0760304
8.02	0	0	0	0	1	0	0	0	0.000873854	-4.32108e-05	0.0755621
3.965	0	0	0	0	0	0	1	0	0.000792835	-5.09248e-05	0.0796031
4.445	0	0	0	0	1	0	0	0	0.000738687	-4.26964e-05	0.0797468
5.76	0	1	0	0	0	0	0	0	0.00131692	-0.000625984	-0.00570105
3.595	0	0	0	0	0	0	1	0	0.00134114	-0.000720489	-0.00672361
4.705	0	0	0	0	0	0	1	0	0.000794964	-3.19204e-05	0.0701596
5.045	0	0	0	0	0	1	0	0	0.0007438	2.48438e-05	0.0689891
3.94	0	0	0	0	1	0	0	0	0.000773728	-6.48435e-05	0.0734647
7.34	0	0	0	0	1	0	0	0	0.000801245	-0.000102596	0.0521168
NA	NA	NA	NA	NA	NA	NA	NA	NA	0.000681562	2.31879e-05	0.0489804
7.34	0	0	0	0	1	0	0	0	0.000604589	1.35707e-05	0.0499438
NA	NA	NA	NA	NA	NA	NA	NA	NA	0.000468436	4.91734e-05	0.0517302
5.855	0	0	0	0	0	1	0	0	0.00064829	-2.65593e-06	0.0508486
3.36	0	0	0	0	0	1	0	0	0.000686795	-7.80972e-05	0.0483435
3.78	0	0	0	0	0	0	1	0	0.000692784	2.77201e-05	0.0491673
8.865	0	0	0	0	0	1	0	0	0.00132787	-0.000675829	-0.00723823
4.395	0	0	0	0	1	0	0	0	0.000667689	-3.5995e-05	0.047579
3.47	0	0	0	0	1	0	0	0	0.000674287	5.31441e-06	0.0498635
6.575	0	0	0	0	0	1	0	0	0.000655635	2.40527e-05	0.0489164
3.52	0	0	0	0	1	0	0	0	0.000847987	-4.53596e-05	0.0822292
NA	NA	NA	NA	NA	NA	NA	NA	NA	0.000831582	-5.21078e-05	0.082996
4.975	0	0	0	0	0	0	1	0	0.000847368	-5.01153e-05	0.0837436
NA	NA	NA	NA	NA	NA	NA	NA	NA	0.000890429	-6.29006e-05	0.0820576
4.695	0	0	0	0	1	0	0	0	0.000794569	-7.2109e-05	0.0819512
3.995	0	0	0	0	0	0	1	0	0.000752902	-1.88026e-05	0.0828982
4.365	0	0	0	0	1	0	0	0	0.000792615	-5.80282e-05	0.0802785
7.325	0	0	0	0	0	0	0	1	0.00128891	-0.000679013	-0.00564956
NA	NA	NA	NA	NA	NA	NA	NA	NA	0.000801592	-4.49413e-05	0.0834705
4.61	0	0	0	0	1	0	0	0	0.000870586	-7.58299e-05	0.0809801
2.635	0	0	0	0	1	0	0	0	0.000783681	-7.92845e-05	0.0835848
NA	NA	NA	NA	NA	NA	NA	NA	NA	0.00080614	-8.43294e-05	0.0819108
NA	NA	NA	NA	NA	NA	NA	NA	NA	0.000776487	-5.33249e-05	0.0823281
NA	NA	NA	NA	NA	NA	NA	NA	NA	0.000803787	-3.05522e-05	0.083951
NA	NA	NA	NA	NA	NA	NA	NA	NA	0.000851906	-6.4515e-05	0.082538
3.585	0	0	0	0	1	0	0	0	0.000824267	-7.46392e-05	0.0801709
NA	NA	NA	NA	NA	NA	NA	NA	NA	0.00107592	-0.000143058	0.0117841
NA	NA	NA	NA	NA	NA	NA	NA	NA	0.000746531	-6.39923e-06	0.0832877
3.8	0	0	1	0	0	0	0	0	0.00136826	-0.0006656	-0.005195
NA	NA	NA	NA	NA	NA	NA	NA	NA	0.000787122	-7.79619e-05	0.0815634
6.7	0	0	0	0	1	0	0	0	0.000823354	-5.40016e-05	0.0810894
NA	NA	NA	NA	NA	NA	NA	NA	NA	0.000808471	-6.04557e-05	0.0805344
NA	NA	NA	NA	NA	NA	NA	NA	NA	0.000823299	-6.47082e-05	0.081802
2.305	0	0	0	0	0	1	0	0	0.000803829	-8.19361e-05	0.0824211
NA	NA	NA	NA	NA	NA	NA	NA	NA	0.000803927	-8.43601e-05	0.0823386
NA	NA	NA	NA	NA	NA	NA	NA	NA	0.000806772	-7.45378e-05	0.083316
NA	NA	NA	NA	NA	NA	NA	NA	NA	0.000771129	-2.36692e-05	0.0815756
4.65	0	0	0	0	0	0	1	0	0.000784435	9.04119e-06	0.0861383
NA	NA	NA	NA	NA	NA	NA	NA	NA	0.000835625	-5.98468e-05	0.0835508
6.735	0	0	0	0	1	0	0	0	0.00131293	-0.000675234	-0.00374849
5.93	0	0	0	0	1	0	0	0	0.000917735	-0.000133434	0.0624589
3.46	0	0	0	0	1	0	0	0	0.000899675	-9.01105e-05	0.0688982
6.865	0	0	0	0	0	1	0	0	0.000910992	-0.000114387	0.0662423
4.845	0	0	0	0	0	1	0	0	0.000911607	-0.000142528	0.0656913
8.035	0	0	0	0	0	1	0	0	0.000921601	-0.000135326	0.0651461
4.545	0	0	0	0	0	1	0	0	0.000892419	-8.95393e-05	0.0641414
3.75	0	0	0	0	0	1	0	0	0.000854297	-0.000124247	0.0648699
4	0	0	0	0	0	1	0	0	0.000890519	-9.79642e-05	0.0618706
7.725	0	0	0	0	1	0	0	0	0.00106133	-0.000271402	0.0381232
5.315	0	0	0	0	1	0	0	0	0.000853615	-9.46191e-05	0.0666239
5.735	0	0	0	0	1	0	0	0	0.00135699	-0.000678025	-0.00466275
NA	NA	NA	NA	NA	NA	NA	NA	NA	0.00103366	-0.000269469	0.0359787
6.08	0	0	0	0	1	0	0	0	0.00102781	-0.000225784	0.0416308
NA	NA	NA	NA	NA	NA	NA	NA	NA	0.00020785	0.000353111	0.0484522
7.41	0	0	0	0	0	1	0	0	0.00101468	-0.00020198	0.0390016
NA	NA	NA	NA	NA	NA	NA	NA	NA	0.00103192	-0.000249798	0.0387283
4.85	0	0	0	0	0	1	0	0	0.001012	-0.000239704	0.0365678
6.73	0	0	0	0	1	0	0	0	0.00103184	-0.000255995	0.0312933
5.245	0	0	0	0	0	1	0	0	0.000986674	-0.000160839	0.0350598
3.315	0	0	0	0	0	1	0	0	0.00103975	-0.000174997	0.0383545
6.845	0	0	0	0	1	0	0	0	0.00101542	-0.000215721	0.0361315
6.66	0	0	0	0	0	0	0	1	0.00129051	-0.000673769	-0.00579171
6.765	0	0	0	0	0	1	0	0	0.000997477	-0.000181937	0.0334873
5.985	0	0	0	0	0	1	0	0	0.00100657	-0.000222498	0.0329188
6.875	0	0	0	0	1	0	0	0	0.000977029	-0.000181775	0.0440414
8.775	0	0	0	0	1	0	0	0	0.00106255	-0.000216415	0.0332638
NA	NA	NA	NA	NA	NA	NA	NA	NA	0.00106273	-0.000226401	0.0289945
NA	NA	NA	NA	NA	NA	NA	NA	NA	0.00103996	-0.000236089	0.0286332
5.9	0	0	0	0	1	0	0	0	0.00101478	-0.000227009	0.0278332
9.93	0	0	0	0	0	1	0	0	0.00109611	-0.000255808	0.0274783
6.34	0	0	0	0	0	1	0	0	0.0010531	-0.000182828	0.0233533
4.245	0	0	0	0	0	1	0	0	0.00107126	-0.000218409	0.0275749
6.4	0	0	1	0	0	0	0	0	0.00136091	-0.000683652	-0.0054706
5	0	0	0	0	0	1	0	0	0.00104678	-0.000162739	0.0290662
9.22	0	0	0	0	1	0	0	0	0.00107502	-0.000240739	0.0284451
6.27	0	0	0	0	0	1	0	0	0.00107916	-0.000191575	0.0207876
NA	NA	NA	NA	NA	NA	NA	NA	NA	0.00105221	-0.000180091	0.012792
4.685	0	0	0	0	1	0	0	0	0.00102112	-8.76857e-05	0.0127234
8.43	0	0	0	0	1	0	0	0	0.00102716	-0.000160833	0.0136076
7.13	0	0	0	0	1	0	0	0	0.00107653	-0.000248589	0.0131643
5.31	0	0	0	0	0	0	1	0	0.00103851	-0.000193154	0.0126467
10.56	0	0	0	0	1	0	0	0	0.00102538	-0.000135623	0.0133106
10.21	0	0	0	0	0	1	0	0	0.00104166	-0.000232871	0.0136406
4.85	0	0	0	1	0	0	0	0	0.00130593	-0.000678637	-0.00662294
8.145	0	0	0	0	0	1	0	0	0.00110991	-0.000229225	0.0136401
7.39	0	0	0	0	1	0	0	0	0.00103856	-0.000226744	0.0133746
6.105	0	0	0	0	1	0	0	0	0.00108578	-0.000221499	0.012282
6.645	0	0	0	0	1	0	0	0	0.00106819	-0.000213074	0.0130426
NA	NA	NA	NA	NA	NA	NA	NA	NA	0.00111016	-0.000225544	0.0138488
5.785	0	0	0	0	1	0	0	0	0.00106793	-0.000257787	0.0124744
4.27	0	0	0	0	0	0	1	0	0.00133593	-0.000652138	-0.00589937
10.81	0	0	0	0	0	1	0	0	0.00137128	-0.000687995	-0.005503
5.9	0	0	1	0	0	0	0	0	0.0013317	-0.00065275	-0.00603389
NA	NA	NA	NA	NA	NA	NA	NA	NA	-0.000291852	0.000608421	0.0380074
6.365	0	0	0	0	0	1	0	0	0.000175163	0.000286151	0.0300519
7.39	0	0	0	0	1	0	0	0	6.00664e-05	0.000275219	0.0286841
3.18	0	0	0	0	1	0	0	0	0.000114339	0.000260437	0.0305978
NA	NA	NA	NA	NA	NA	NA	NA	NA	0.000204191	0.000375677	0.050493
4.195	0	0	0	0	1	0	0	0	0.000106447	0.000322337	0.0322252
3	0	0	0	0	1	0	0	0	0.000203743	0.000180455	0.0199893
NA	NA	NA	NA	NA	NA	NA	NA	NA	0.00103992	-0.000187483	0.0632505
NA	NA	NA	NA	NA	NA	NA	NA	NA	0.000325479	0.000149547	0.0221371
6.345	0	0	0	0	0	0	0	1	0.00135324	-0.000685242	-0.00662254
11.48	0	0	0	0	0	1	0	0	0.000130229	0.000298931	0.0320477
8.08	0	0	0	0	0	1	0	0	0.000189175	0.000163378	0.0216951
8.47	0	0	0	0	0	1	0	0	0.000218558	0.000230261	0.0223694
NA	NA	NA	NA	NA	NA	NA	NA	NA	0.000218633	0.000200497	0.0202052
6.955	0	0	0	0	0	1	0	0	0.000150126	0.000206439	0.0222101
7.725	0	0	0	0	1	0	0	0	-0.00102366	0.000896346	0.0244654
3.66	0	0	0	0	1	0	0	0	0.000330533	4.66669e-05	0.0163726
NA	NA	NA	NA	NA	NA	NA	NA	NA	0.000440721	2.67852e-05	0.0153873
NA	NA	NA	NA	NA	NA	NA	NA	NA	0.000672825	-0.000171048	0.0106426
9.155	0	0	0	0	1	0	0	0	0.000941758	-0.000341648	0.00369838
4.56	0	0	0	0	0	0	1	0	0.000885528	-0.000798925	-0.00357551
NA	NA	NA	NA	NA	NA	NA	NA	NA	0.00103273	-0.000430354	-0.00157915
NA	NA	NA	NA	NA	NA	NA	NA	NA	-0.000192467	0.000530758	0.0334897
9.84	0	0	0	0	0	1	0	0	-0.000229895	0.000581425	0.0360833
7.385	0	0	0	0	0	1	0	0	-0.000310582	0.000673326	0.0391091
NA	NA	NA	NA	NA	NA	NA	NA	NA	-0.000186308	0.000574649	0.0359737
8.505	0	0	0	0	1	0	0	0	-0.000560886	0.000776593	0.037051
4.97	0	0	0	0	1	0	0	0	-0.000494488	0.000790904	0.0385867
NA	NA	NA	NA	NA	NA	NA	NA	NA	-0.000615876	0.00083769	0.0406786
NA	NA	NA	NA	NA	NA	NA	NA	NA	-0.000479805	0.000723505	0.039357
5.02	0	0	0	0	0	0	0	1	0.00134339	-0.000744762	-0.00782202
NA	NA	NA	NA	NA	NA	NA	NA	NA	-0.000481668	0.000749763	0.0398557
8.715	0	0	0	0	1	0	0	0	0.000755552	-0.00015593	0.0110303
3.44	0	0	0	0	1	0	0	0	0.000733077	-9.9127e-05	0.0127747
9.21	0	0	0	0	0	1	0	0	0.000775026	-8.83894e-05	0.0118627
5.965	0	0	0	0	1	0	0	0	0.000820442	-0.000126776	0.012885
7.145	0	0	0	0	1	0	0	0	0.00078107	-9.97242e-05	0.014016
6.33	0	0	0	0	0	1	0	0	0.0006868	-0.000100495	0.0123964
NA	NA	NA	NA	NA	NA	NA	NA	NA	0.00071314	-0.000121719	0.01185
3.375	0	0	0	0	1	0	0	0	0.000828011	-0.000182414	0.0102624
NA	NA	NA	NA	NA	NA	NA	NA	NA	0.000782719	-0.000181378	0.00924944
4.1	1	0	0	0	0	0	0	0	0.00135391	-0.000647475	-0.00528745
9.775	0	0	0	0	0	1	0	0	0.000951286	-0.000222468	0.00912808
NA	NA	NA	NA	NA	NA	NA	NA	NA	-0.000434775	0.000742044	0.0418842
4.245	0	0	0	0	0	1	0	0	-0.000363189	0.000674076	0.0386673
12.17	0	0	0	0	0	1	0	0	-0.000129676	0.000444804	0.0353148
NA	NA	NA	NA	NA	NA	NA	NA	NA	-0.00025719	0.000574061	0.0385568
NA	NA	NA	NA	NA	NA	NA	NA	NA	-0.00030387	0.000692547	0.0396231
NA	NA	NA	NA	NA	NA	NA	NA	NA	-0.000299019	0.000588128	0.0377128
8.045	0	0	0	0	1	0	0	0	-0.000204923	0.000526119	0.036531
NA	NA	NA	NA	NA	NA	NA	NA	NA	-0.000423053	0.000716674	0.0412661
6.3	0	1	0	0	0	0	0	0	0.00137495	-0.000693941	-0.00697811
NA	NA	NA	NA	NA	NA	NA	NA	NA	-0.000451597	0.000755003	0.042322
6.6	0	1	0	0	0	0	0	0	0.00134151	-0.000629449	-0.0057136
7.1	1	0	0	0	0	0	0	0	0.00131818	-0.000676007	-0.00656286
5.5	1	0	0	0	0	0	0	0	0.00138471	-0.000731669	-0.00676457
6.7	0	0	0	1	0	0	0	0	0.00136035	-0.000702758	-0.00533046
7.03	0	0	0	0	0	0	0	1	0.00133444	-0.000718287	-0.00657973
6.9	1	0	0	0	0	0	0	0	0.00128195	-0.000738437	-0.00618376
5.3	0	1	0	0	0	0	0	0	0.0013637	-0.000680891	-0.00987427
4.71	0	0	0	0	1	0	0	0	0.00131186	-0.000677032	-0.00412172
8	0	1	0	0	0	0	0	0	0.00141083	-0.000714701	-0.00524945
8.6	1	0	0	0	0	0	0	0	0.00133671	-0.000696556	-0.00613243
6.59	0	0	0	0	0	0	1	0	0.00131337	-0.000609897	-0.00674376
3.205	0	0	0	0	0	0	1	0	0.00135121	-0.000703664	-0.00505166
8	0	1	0	0	0	0	0	0	0.00102361	-0.000790423	-0.00594256
6.045	0	0	0	0	0	0	0	1	0.00129674	-0.000659222	-0.00605099
4.86	0	0	0	0	0	0	1	0	0.0013424	-0.000610661	-0.00573474
9.63	0	0	0	0	0	0	1	0	0.00134226	-0.000713989	-0.00641278
6.6	0	0	0	0	0	0	0	1	0.00130962	-0.000657545	-0.00698268
5.2	0	1	0	0	0	0	0	0	0.00143	-0.000679113	-0.0131227
5.025	0	0	0	0	0	0	0	1	0.00138512	-0.000633789	-0.0129444
7.35	0	0	0	1	0	0	0	0	0.00137606	-0.000708642	-0.0126108
6.5	0	0	0	1	0	0	0	0	0.00140452	-0.00076727	-0.0134599
6.605	0	0	0	0	0	0	1	0	0.00140679	-0.000723515	-0.0140423
6.04	0	0	0	0	0	0	0	1	0.00133066	-0.000666497	-0.0138029
7.39	0	0	0	0	0	0	0	1	0.00140228	-0.000610483	-0.0128494
5.3	0	0	1	0	0	0	0	0	0.00135138	-0.00070182	-0.013624
9	0	0	0	1	0	0	0	0	0.0013376	-0.000736675	-0.014284
3.365	0	0	0	0	0	0	0	1	0.00133702	-0.000654173	-0.00672133
4.715	0	0	0	0	1	0	0	0	0.0014733	-0.000804068	-0.0131625
5.9	0	0	1	0	0	0	0	0	0.00139962	-0.000724268	-0.0136898
6.155	0	0	0	0	0	0	1	0	0.00140974	-0.00074011	-0.0137965
8.125	0	0	0	0	0	0	0	1	0.00137316	-0.00054085	-0.0137362
9.045	0	0	0	0	0	1	0	0	0.00139774	-0.000655539	-0.0136956
7.74	0	0	0	0	0	0	0	1	0.00138522	-0.000759618	-0.0130786
6.7	0	0	0	1	0	0	0	0	0.00138319	-0.000713969	-0.0136901
8.3	1	0	0	0	0	0	0	0	0.0014116	-0.0007662	-0.013944
5.83	0	0	0	0	0	0	0	1	0.00131647	-0.000671735	-0.0141652
6.98	0	0	0	0	0	0	0	1	0.00136952	-0.000647383	-0.0131744
7.685	0	0	0	0	0	1	0	0	0.00138192	-0.000707069	-0.00656531
10.28	0	0	0	0	0	1	0	0	0.00143604	-0.00073032	-0.0135678
4.3	0	0	1	0	0	0	0	0	0.00140173	-0.000705753	-0.0135448
6.4	0	1	0	0	0	0	0	0	0.00139008	-0.00070196	-0.0138461
5.6	1	0	0	0	0	0	0	0	0.00141931	-0.000671274	-0.0131022
7.385	0	0	0	0	0	0	0	1	0.00137637	-0.000611938	-0.0144093
6.6	0	1	0	0	0	0	0	0	0.00141092	-0.000712654	-0.0131914
5.3	0	1	0	0	0	0	0	0	0.00137441	-0.000615122	-0.0138577
6.64	0	0	0	0	0	0	0	1	0.00139171	-0.000773825	-0.0138693
3.6	0	0	1	0	0	0	0	0	0.00139808	-0.000751239	-0.0139153
3.6	0	0	1	0	0	0	0	0	0.00133361	-0.00069216	-0.00721173
9.315	0	0	0	0	0	1	0	0	0.00140412	-0.000602511	-0.0137767
5.875	0	0	0	0	0	0	1	0	0.0013131	-0.000749696	-0.0118648
7.71	0	0	0	0	0	0	0	1	0.00121365	-0.000783096	-0.0131161
5.5	1	0	0	0	0	0	0	0	0.00137268	-0.000569333	-0.0139497
5.6	0	1	0	0	0	0	0	0	0.00138072	-0.00079729	-0.0144029
5.2	0	0	1	0	0	0	0	0	0.00139421	-0.000738562	-0.0127504
5.42	0	0	0	0	0	0	1	0	0.00143741	-0.000742704	-0.0131725
6.5	0	1	0	0	0	0	0	0	0.00136123	-0.000650918	-0.0142187
6.5	0	1	0	0	0	0	0	0	0.001423	-0.000764123	-0.0138434
7.75	0	0	0	1	0	0	0	0	0.00141112	-0.000746843	-0.0133719
8.62	0	0	0	0	0	0	1	0	0.0013653	-0.000716304	-0.00684927
4.78	0	0	0	0	0	0	1	0	0.00137687	-0.000716781	-0.0134358
3.04	0	0	0	0	0	0	1	0	0.00133685	-0.000680916	-0.0123218
3.75	0	0	0	1	0	0	0	0	0.00138203	-0.000764922	-0.0137227
10.3	1	0	0	0	0	0	0	0	0.00140431	-0.000679097	-0.0129057
3.88	0	0	0	0	1	0	0	0	0.00144775	-0.000752258	-0.0133538
3.24	0	0	0	0	0	0	0	1	0.00138039	-0.000644883	-0.0133043
7.925	0	0	0	0	0	0	0	1	0.00142253	-0.000688198	-0.0127636
10.05	0	0	0	1	0	0	0	0	0.00138511	-0.000601338	-0.0137872
5.345	0	0	0	0	0	0	0	1	0.0014227	-0.000777084	-0.0139126
5.6	0	1	0	0	0	0	0	0	0.00138549	-0.000718488	-0.0134573
5.25	0	0	0	1	0	0	0	0	0.00132665	-0.000728843	-0.00714637
6.3	0	0	1	0	0	0	0	0	0.0013801	-0.000768438	-0.0147184
8.14	0	1	0	0	0	0	0	0	0.00141096	-0.00070032	-0.0138557
6.8	0	0	0	1	0	0	0	0	0.00135027	-0.000690017	-0.0135616
8.3	0	0	1	0	0	0	0	0	0.00144033	-0.000749199	-0.0140591
4.09	0	0	0	0	1	0	0	0	-0.00146994	0.00112147	0.0247477
7.955	0	0	0	0	0	0	0	1	0.00138193	-0.000698644	-0.0119549
4.9	0	0	1	0	0	0	0	0	0.00141066	-0.000760912	-0.0147583
8.5	0	0	1	0	0	0	0	0	0.00136987	-0.00069296	-0.0146561
4	0	0	0	1	0	0	0	0	0.00141023	-0.000602295	-0.0132526
7.295	0	0	0	0	0	0	0	1	0.00140636	-0.000644869	-0.0138458
4.45	0	0	0	1	0	0	0	0	0.00132948	-0.000661114	-0.00619267
5.37	0	0	0	0	0	0	1	0	0.00135943	-0.000727822	-0.0059658
9.25	0	0	0	1	0	0	0	0	0.00135923	-0.0007515	-0.0137583
7.25	0	0	0	1	0	0	0	0	0.00136716	-0.000714438	-0.0130759
7.57	0	0	0	0	0	0	0	1	0.00133495	-0.000667104	-0.0139496
7.21	0	0	0	0	0	0	0	1	0.00140687	-0.000670456	-0.0130904
7.6	1	0	0	0	0	0	0	0	0.00133393	-0.000671152	-0.0134488
7.57	0	0	0	0	0	0	0	1	0.0014375	-0.000705269	-0.0127158
7.5	1	0	0	0	0	0	0	0	0.00134243	-0.000646445	-0.0128738
9.3	0	0	0	1	0	0	0	0	0.00142885	-0.00065581	-0.0119772
6.9	1	0	0	0	0	0	0	0	0.00139915	-0.000695167	-0.0142406
3.84	0	0	0	0	0	0	1	0	0.00145386	-0.000770999	-0.012971
5.885	0	0	0	0	0	0	1	0	0.00137158	-0.000702771	-0.00573745
7.7	1	0	0	0	0	0	0	0	0.00147061	-0.000749481	-0.0136824
8.1	1	0	0	0	0	0	0	0	0.0014195	-0.000729653	-0.013634
5.5	1	0	0	0	0	0	0	0	0.00141017	-0.000656202	-0.013552
6.4	0	1	0	0	0	0	0	0	0.00142643	-0.000685268	-0.0142565
6.7	0	1	0	0	0	0	0	0	0.00138904	-0.000714719	-0.0132643
4.305	0	0	0	0	0	0	0	1	0.00136322	-0.000717421	-0.0131704
3.45	0	0	0	0	0	0	1	0	0.00139145	-0.000698447	-0.0132318
9.545	0	0	0	0	0	0	1	0	0.00137887	-0.00065045	-0.0134908
5.8	1	0	0	0	0	0	0	0	0.00137788	-0.000665744	-0.0137193
7.1	0	1	0	0	0	0	0	0	0.00125851	-0.000671481	-0.00791625
6.435	0	0	0	0	0	0	0	1	0.00142458	-0.000749665	-0.0147653
4.19	0	0	0	0	1	0	0	0	0.00137351	-0.000663367	-0.0078994
7.5	1	0	0	0	0	0	0	0	0.0014539	-0.000759485	-0.0138675
5.77	0	0	0	0	0	1	0	0	0.00135664	-0.000724569	-0.0136088
4.505	0	0	0	0	0	0	1	0	0.00140011	-0.00068492	-0.013999
6.585	0	0	0	0	0	0	0	1	0.00132149	-0.000731813	-0.012469
7.9	0	0	0	1	0	0	0	0	0.0013581	-0.000719848	-0.0140202
7.45	0	0	0	0	0	0	0	1	0.00142173	-0.000685525	-0.0133874
3.535	0	0	0	0	0	0	0	1	0.00140126	-0.000659545	-0.0134208
5.75	0	0	0	1	0	0	0	0	0.00139968	-0.00070733	-0.0121015
5.77	0	0	0	0	1	0	0	0	0.00118774	-0.000640399	-0.00462926
5.59	0	1	0	0	0	0	0	0	0.00137739	-0.000794708	-0.0136124
3.54	0	0	0	0	0	0	0	1	0.00135824	-0.000665928	-0.0138391
6.025	0	0	0	0	0	1	0	0	0.00143028	-0.000722278	-0.0119796
6.25	0	0	0	0	1	0	0	0	0.00139928	-0.000606425	-0.0121819
7.45	0	0	0	1	0	0	0	0	0.00144778	-0.000738417	-0.01352
4.6	1	0	0	0	0	0	0	0	0.00139423	-0.000676793	-0.0143314
7	0	1	0	0	0	0	0	0	0.00134397	-0.000652488	-0.013206
4.685	0	0	0	0	0	0	0	1	0.00136874	-0.000678982	-0.0142373
5.4	0	0	0	1	0	0	0	0	0.00129141	-0.00057823	-0.0138781
6.8	0	0	1	0	0	0	0	0	0.00140203	-0.00078491	-0.0139156
4.92	0	0	0	0	0	0	0	1	0.0013062	-0.00066698	-0.00667576
5.7	1	0	0	0	0	0	0	0	0.00141079	-0.000638172	-0.0137608
6.825	0	0	0	0	1	0	0	0	0.00141889	-0.000705233	-0.0126771
6.4	0	0	1	0	0	0	0	0	0.00138405	-0.000660648	-0.014469
6.55	0	1	0	0	0	0	0	0	0.00138761	-0.000638584	-0.0137022
4.675	0	0	0	0	1	0	0	0	0.00138582	-0.000780446	-0.014532
2.6	0	0	1	0	0	0	0	0	0.00085263	-0.000607851	-0.0148427
6.4	0	0	0	1	0	0	0	0	0.00138716	-0.000689116	-0.0139659
5.8	0	1	0	0	0	0	0	0	0.00144095	-0.000768922	-0.0143953
7.59	0	0	0	0	0	0	0	1	0.00146506	-0.000851227	-0.0134932
5.7	0	1	0	0	0	0	0	0	0.0013283	-0.000670793	-0.00638978
7.7	1	0	0	0	0	0	0	0	0.00142441	-0.000783746	-0.0150972
6.2	1	0	0	0	0	0	0	0	0.00145451	-0.000857545	-0.0142147
5.545	0	0	0	0	0	0	1	0	0.00149803	-0.000902182	-0.0137672
7.4	1	0	0	0	0	0	0	0	0.00141232	-0.000826043	-0.0158217
4.975	0	0	0	0	0	0	1	0	0.00146861	-0.000856254	-0.0153785
6.5	0	0	0	0	0	0	0	1	0.0013821	-0.000857684	-0.015615
7.7	0	1	0	0	0	0	0	0	0.00148002	-0.000834914	-0.0136911
3.9	0	0	0	1	0	0	0	0	0.00145942	-0.000919031	-0.0148659
6.645	0	0	0	0	1	0	0	0	0.00112146	-0.000308032	0.00162153
5	1	0	0	0	0	0	0	0	0.00142695	-0.000793612	-0.0145808
6.6	0	1	0	0	0	0	0	0	0.00138538	-0.000760961	-0.00851606
5.1	0	0	1	0	0	0	0	0	0.0014404	-0.000834857	-0.0150341
5.3	0	1	0	0	0	0	0	0	0.00150837	-0.000811054	-0.0147199
5.665	0	0	0	0	0	1	0	0	0.00143984	-0.000878966	-0.015114
7.405	0	0	0	0	0	0	1	0	0.00143056	-0.00083367	-0.014686
8.3	0	1	0	0	0	0	0	0	0.00142602	-0.000852283	-0.012738
4.59	0	0	0	0	1	0	0	0	0.00134593	-0.000727913	-0.00852527
6.03	0	0	0	0	1	0	0	0	0.00146612	-0.000844704	-0.0127784
7.3	0	0	1	0	0	0	0	0	0.00146354	-0.00077953	-0.0143615
6.3	0	0	0	1	0	0	0	0	0.00140784	-0.000869288	-0.015547
8.1	1	0	0	0	0	0	0	0	0.00138318	-0.000862812	-0.0153452
5.9	0	1	0	0	0	0	0	0	0.00120248	-0.000680679	-0.00683957
6.5	0	0	1	0	0	0	0	0	0.00147116	-0.000815728	-0.014976
7.745	0	0	0	0	0	0	0	1	0.00146431	-0.000829995	-0.0149096
5.83	0	0	0	0	1	0	0	0	0.00138905	-0.000795758	-0.0145568
6	1	0	0	0	0	0	0	0	0.00144595	-0.000810639	-0.01459
3.7	0	0	0	1	0	0	0	0	0.00144197	-0.000859594	-0.0155729
6.8	1	0	0	0	0	0	0	0	0.00141071	-0.000823435	-0.0142705
14.89	0	0	0	0	0	1	0	0	0.00147626	-0.000851757	-0.0152283
5.8	0	0	0	1	0	0	0	0	0.00140582	-0.000790364	-0.0148456
5.02	0	0	0	0	0	0	0	1	0.00143543	-0.000864979	-0.0154803
9.665	0	0	0	0	0	1	0	0	0.001488	-0.000887755	-0.0146073
4.79	0	0	0	0	0	0	1	0	0.00124905	-0.000748088	-0.0068085
8.29	0	0	0	0	0	0	1	0	0.00147969	-0.000867344	-0.0145497
8.785	0	0	0	0	0	0	0	1	0.00145148	-0.000848726	-0.014827
6.8	0	0	0	0	0	0	1	0	0.00137801	-0.000830004	-0.013897
7.53	0	0	0	0	0	0	0	1	0.00147742	-0.000840847	-0.0149404
6.585	0	0	0	0	0	0	0	1	0.00142606	-0.000853074	-0.0146605
10.47	0	0	0	0	0	1	0	0	0.00144878	-0.000838137	-0.0145219
6.7	1	0	0	0	0	0	0	0	0.00141997	-0.000825152	-0.014945
9.505	0	0	0	0	1	0	0	0	0.00149126	-0.000889284	-0.01402
6.1	0	0	1	0	0	0	0	0	0.00145082	-0.000835566	-0.0152554
6.5	0	0	1	0	0	0	0	0	0.00136386	-0.000812077	-0.0152705
5	1	0	0	0	0	0	0	0	0.0014663	-0.000804377	-0.0148305
6.735	0	0	0	0	0	0	1	0	0.00145881	-0.000883481	-0.0146408
3.865	0	0	0	0	0	1	0	0	0.00147402	-0.000842319	-0.0157574
3.94	0	0	0	0	1	0	0	0	0.00145794	-0.000844572	-0.0138925
5.75	0	0	0	1	0	0	0	0	0.00142806	-0.000823667	-0.0149145
4.25	0	0	0	0	0	0	0	1	0.0014448	-0.000817381	-0.015357
3.03	0	0	0	0	0	0	1	0	0.0014133	-0.000799213	-0.0151068
6.4	0	0	0	1	0	0	0	0	0.00145887	-0.00089589	-0.0148988
5.9	0	1	0	0	0	0	0	0	0.00141728	-0.000865821	-0.0149248
8.1	1	0	0	0	0	0	0	0	0.00142865	-0.000827776	-0.0153078
7.945	0	0	0	0	0	0	1	0	0.0013258	-0.000684893	-0.00614403
3.095	0	0	0	0	0	0	1	0	0.00130775	-0.000701706	-0.0102974
6.3	0	1	0	0	0	0	0	0	0.0014143	-0.000782156	-0.0154603
6.22	0	0	0	0	0	1	0	0	0.00139921	-0.000819192	-0.0155919
7.25	0	0	0	1	0	0	0	0	0.00143743	-0.000766408	-0.0140423
5.4	0	1	0	0	0	0	0	0	0.00146226	-0.000843594	-0.0149913
8.8	1	0	0	0	0	0	0	0	0.00143236	-0.000875267	-0.0154653
7.725	0	0	0	0	0	0	0	1	0.00141821	-0.000834401	-0.0145693
8.18	0	0	0	0	0	0	1	0	0.00144999	-0.000829723	-0.014288
4.9	0	0	1	0	0	0	0	0	0.00143521	-0.000791426	-0.0144859
8.1	1	0	0	0	0	0	0	0	0.00146787	-0.000770455	-0.0152312
7.405	0	0	0	0	0	1	0	0	0.00137273	-0.00082388	-0.0140975
4.5	0	0	0	1	0	0	0	0	0.00134363	-0.000703995	-0.0094689
6.26	0	0	0	0	1	0	0	0	0.001453	-0.000835592	-0.0137775
7.1	0	0	1	0	0	0	0	0	0.00142652	-0.000867841	-0.0152737
9.91	0	0	0	0	0	1	0	0	0.00147876	-0.000865154	-0.0145786
7.35	0	0	0	1	0	0	0	0	0.00143798	-0.000764615	-0.0148856
6.195	0	0	0	0	0	0	0	1	0.00145921	-0.000808808	-0.0143222
7	1	0	0	0	0	0	0	0	0.00145217	-0.000808927	-0.013865
6.205	0	0	0	0	1	0	0	0	0.00145982	-0.000822045	-0.0143667
8.4	0	1	0	0	0	0	0	0	0.00141929	-0.000768952	-0.0142994
7	0	1	0	0	0	0	0	0	0.0014549	-0.000856429	-0.0148231
4.84	0	0	0	0	0	0	1	0	0.00123651	-0.000608549	-0.00663407
8.5	1	0	0	0	0	0	0	0	0.0014194	-0.000844763	-0.015528
6.5	0	1	0	0	0	0	0	0	0.00146537	-0.000821381	-0.0146198
3.9	0	0	1	0	0	0	0	0	0.0014631	-0.000856751	-0.0143602
7.29	0	0	0	0	0	0	0	1	0.00150421	-0.000882498	-0.014187
10.5	0	0	0	1	0	0	0	0	0.00136055	-0.000782012	-0.0148642
6.1	1	0	0	0	0	0	0	0	0.00145442	-0.000853973	-0.0149932
6.5	1	0	0	0	0	0	0	0	0.00143497	-0.000833923	-0.013865
6.6	0	0	1	0	0	0	0	0	0.00145385	-0.000837509	-0.0148733
4.3	0	0	0	0	1	0	0	0	0.00145773	-0.000867881	-0.0136917
5.7	0	0	0	1	0	0	0	0	0.0013184	-0.000628322	-0.00789014
3.425	0	0	0	0	0	0	1	0	0.00144836	-0.000892566	-0.015802
5.5	1	0	0	0	0	0	0	0	0.00141753	-0.000828048	-0.014436
4.5	0	0	1	0	0	0	0	0	0.00136903	-0.000806539	-0.0145038
7.8	0	0	0	1	0	0	0	0	0.00145987	-0.000776806	-0.0138778
6.6	1	0	0	0	0	0	0	0	0.00143302	-0.000777472	-0.0139204
9.75	0	0	0	1	0	0	0	0	0.00142158	-0.000828965	-0.0146969
5.1	1	0	0	0	0	0	0	0	0.00144599	-0.000765367	-0.0143836
6.4	1	0	0	0	0	0	0	0	0.00145481	-0.000838477	-0.0147069
6.41	0	0	0	0	0	0	0	1	0.00144582	-0.00082547	-0.014716
7.355	0	0	0	0	0	1	0	0	0.00143222	-0.000865381	-0.0152244
6.3	1	0	0	0	0	0	0	0	0.00129765	-0.000671048	-0.00919594
5.18	0	0	0	0	0	0	1	0	0.00141288	-0.000854667	-0.0148585
7.3	0	1	0	0	0	0	0	0	0.00147606	-0.000828781	-0.0156274
10.2	0	0	0	0	0	0	1	0	0.00139089	-0.000777529	-0.0151984
8.7	0	0	1	0	0	0	0	0	0.00139902	-0.000766513	-0.014669
4.4	0	0	1	0	0	0	0	0	0.00142551	-0.000825115	-0.0151476
9.95	0	0	0	0	0	1	0	0	0.00145434	-0.000877955	-0.0143643
5.7	1	0	0	0	0	0	0	0	0.00143112	-0.000806741	-0.0148266
3.8	0	1	0	0	0	0	0	0	0.00139912	-0.000781597	-0.0140444
4.105	0	0	0	0	0	0	1	0	0.00144481	-0.000815427	-0.0147519
7.1	0	0	1	0	0	0	0	0	0.00134529	-0.0006752	-0.00869184
10.5	1	0	0	0	0	0	0	0	0.00142725	-0.000870867	-0.0149915
11.635	0	0	0	0	0	0	1	0	0.00141385	-0.000776427	-0.0141178
9.835	0	0	0	0	0	1	0	0	0.00141229	-0.00084643	-0.0146316
7.3	0	0	1	0	0	0	0	0	0.00145697	-0.000796012	-0.015209
8.25	0	0	0	1	0	0	0	0	0.0014161	-0.000801347	-0.0134684
5.45	0	0	0	0	0	0	1	0	0.00142458	-0.000797048	-0.0140429
5.135	0	0	0	0	0	1	0	0	0.00144321	-0.000789302	-0.0151648
6.1	0	0	1	0	0	0	0	0	0.00144481	-0.000800773	-0.01464
6.725	0	0	0	0	0	0	1	0	0.00144731	-0.000813413	-0.0146185
9.96	0	1	0	0	0	0	0	0	0.00142848	-0.000763343	-0.0146866
6.65	0	0	0	1	0	0	0	0	0.00104828	-0.000382147	0.00647903
6.15	0	0	0	0	0	0	0	1	0.00142381	-0.000754678	-0.0143463
10.295	0	0	0	0	0	1	0	0	0.00145006	-0.000805702	-0.0146707
11.3	1	0	0	0	0	0	0	0	0.00144461	-0.000829509	-0.0149616
4.5	0	0	0	1	0	0	0	0	0.0014766	-0.000801451	-0.015103
5.7	1	0	0	0	0	0	0	0	0.00142693	-0.000854697	-0.0149509
3.81	0	0	0	0	0	0	0	1	0.0014401	-0.000773599	-0.0147534
3.8	0	0	0	1	0	0	0	0	0.00139799	-0.000761115	-0.0146673
4.945	0	0	0	0	0	0	0	1	0.00143428	-0.000778493	-0.015241
3.95	0	0	0	1	0	0	0	0	0.00142781	-0.000804815	-0.0150739
8.45	0	0	0	0	0	0	0	1	0.00143987	-0.000808146	-0.0148886
6.4	0	0	0	0	0	1	0	0	0.00132397	-0.000650406	-0.00806848
4.2	0	0	0	1	0	0	0	0	0.00146374	-0.000817261	-0.0152671
10.415	0	0	0	0	0	1	0	0	0.00148826	-0.000826915	-0.0146779
5.1	0	1	0	0	0	0	0	0	0.00141301	-0.000816088	-0.0146195
6.9	0	0	1	0	0	0	0	0	0.00146073	-0.000810617	-0.0144505
6.625	0	0	0	0	0	0	0	1	0.00142431	-0.000791986	-0.0148797
4.5	0	0	0	1	0	0	0	0	0.00142912	-0.000843968	-0.0145017
5.05	0	0	0	1	0	0	0	0	0.00147187	-0.000802062	-0.0147853
13.4	0	0	0	0	0	1	0	0	0.00146783	-0.000809299	-0.0143541
7.58	0	0	0	0	0	0	0	1	0.00142246	-0.00081576	-0.0152862
8.8	0	0	0	1	0	0	0	0	0.00138458	-0.000769375	-0.0118718
4.7	0	1	0	0	0	0	0	0	0.0014653	-0.000819821	-0.0145839
8.75	0	1	0	0	0	0	0	0	0.0014243	-0.000817766	-0.0144968
6.3	1	0	0	0	0	0	0	0	0.00138078	-0.000800104	-0.0150935
6.74	0	0	0	0	0	0	0	1	0.00147298	-0.000834607	-0.013502
8.9	1	0	0	0	0	0	0	0	0.00145004	-0.000789996	-0.0147599
5.9	0	1	0	0	0	0	0	0	0.00144123	-0.000812907	-0.0146109
4.9	0	0	1	0	0	0	0	0	0.00139276	-0.00074178	-0.0138825
7.725	0	0	0	0	0	0	0	1	0.00139368	-0.000775173	-0.0151995
6.9	1	0	0	0	0	0	0	0	0.00138968	-0.000779367	-0.0150665
7.23	0	0	0	0	0	1	0	0	0.00146137	-0.000830493	-0.0141506
8.805	0	0	0	0	0	1	0	0	0.00134893	-0.0006479	-0.00779498
5.15	0	0	0	1	0	0	0	0	0.00138511	-0.000845827	-0.0153862
9.11	0	0	0	0	0	0	0	1	0.0014004	-0.000784572	-0.0147687
10.2	0	0	0	1	0	0	0	0	0.00144695	-0.000767211	-0.015134
4.515	0	0	0	0	0	0	1	0	0.00141601	-0.000754162	-0.0147912
6.75	0	0	0	1	0	0	0	0	0.00140249	-0.000766213	-0.0148221
7.1	1	0	0	0	0	0	0	0	0.00139143	-0.000817365	-0.0149798
3.24	0	0	0	0	0	0	1	0	0.0014578	-0.000855512	-0.0141801
6.2	0	0	1	0	0	0	0	0	0.00141223	-0.000803308	-0.0158699
8.085	0	0	0	0	0	0	0	1	0.00140618	-0.000797076	-0.0142738
6	0	0	1	0	0	0	0	0	0.00144179	-0.000839496	-0.0139449
5.5	1	0	0	0	0	0	0	0	0.0013107	-0.000634393	-0.00657715
6.2	1	0	0	0	0	0	0	0	0.00133112	-0.000728922	-0.0118283
4.225	0	0	0	0	1	0	0	0	0.00150357	-0.000816337	-0.0128323
6.5	0	0	1	0	0	0	0	0	0.00136982	-0.000765062	-0.0154261
6	1	0	0	0	0	0	0	0	0.00143906	-0.0008033	-0.0141492
6.4	0	0	0	1	0	0	0	0	0.00140294	-0.000777945	-0.0155241
5.5	1	0	0	0	0	0	0	0	0.0013648	-0.000764016	-0.015048
7.3	0	1	0	0	0	0	0	0	0.00138487	-0.000798097	-0.0155569
6.15	0	0	0	1	0	0	0	0	0.00143296	-0.000841556	-0.014984
4.37	0	0	0	0	0	0	1	0	0.00143325	-0.000861984	-0.0154227
5.595	0	0	0	0	0	1	0	0	0.00144823	-0.000798349	-0.015382
6.93	0	1	0	0	0	0	0	0	0.00139714	-0.000795859	-0.0145088
4.52	0	0	0	0	0	0	1	0	0.00135272	-0.000705146	-0.0103178
5.985	0	0	0	0	0	1	0	0	0.00144223	-0.000823458	-0.0148437
5.235	0	0	0	0	1	0	0	0	0.00145742	-0.000746114	-0.0129875
4.85	0	0	0	1	0	0	0	0	0.00140585	-0.000774716	-0.0153321
5.2	0	1	0	0	0	0	0	0	0.00145793	-0.000824522	-0.014345
3.495	0	0	0	0	0	1	0	0	0.00151141	-0.000799969	-0.0146782
7.445	0	0	0	0	0	0	1	0	0.00143972	-0.0007847	-0.0143835
6.83	0	0	0	0	1	0	0	0	0.00148736	-0.000850212	-0.0135331
7.2	1	0	0	0	0	0	0	0	0.00143206	-0.00076661	-0.0149456
2.8	0	0	1	0	0	0	0	0	0.00143319	-0.000826633	-0.0142118
8.51	0	0	0	0	0	0	0	1	0.00135496	-0.000757346	-0.0091965
4.085	0	0	0	0	1	0	0	0	0.0014408	-0.00075886	-0.0139232
4.3	0	0	1	0	0	0	0	0	0.00136883	-0.000769401	-0.0148505
8.92	0	0	0	0	0	0	0	1	0.00139985	-0.000803411	-0.01522
6.1	1	0	0	0	0	0	0	0	0.00141377	-0.000799835	-0.0145181
3.1	0	0	0	1	0	0	0	0	0.0014664	-0.000811545	-0.0151115
3.5	0	0	0	1	0	0	0	0	0.00143728	-0.000801477	-0.0155801
5	1	0	0	0	0	0	0	0	0.00140543	-0.000764185	-0.0146069
3.025	0	0	0	0	0	0	1	0	0.00147408	-0.000878873	-0.0148092
6.9	0	0	1	0	0	0	0	0	0.00140451	-0.000822542	-0.0148917
6.1	0	1	0	0	0	0	0	0	0.00144	-0.000792679	-0.0145358
6.945	0	0	0	0	0	0	0	1	0.00137511	-0.000762041	-0.0097721
7.525	0	0	0	0	0	0	0	1	0.00144636	-0.000809759	-0.0143653
6.725	0	0	0	0	0	0	0	1	0.00137357	-0.000763032	-0.0143077
7.4	1	0	0	0	0	0	0	0	0.00140065	-0.000742839	-0.0139652
8.2	1	0	0	0	0	0	0	0	0.00140256	-0.000790837	-0.014486
6.98	0	0	0	0	1	0	0	0	0.00114114	-0.000372608	-0.000528928
NA	NA	NA	NA	NA	NA	NA	NA	NA	0.00144178	-0.000835129	-0.0149508
4.4	0	0	1	0	0	0	0	0	0.00140953	-0.000800518	-0.0140067
6.8	1	0	0	0	0	0	0	0	0.00142435	-0.000793672	-0.0143565
7.33	0	1	0	0	0	0	0	0	0.00140432	-0.000804033	-0.0145424
9.305	0	0	0	0	0	0	0	1	0.00137515	-0.00079385	-0.0140163
7.7	1	0	0	0	0	0	0	0	0.00133228	-0.000660818	-0.00676233
6.7	1	0	0	0	0	0	0	0	0.0014755	-0.000861559	-0.0151172
4.655	0	0	0	0	0	0	1	0	0.00143682	-0.000777417	-0.014473
7.4	1	0	0	0	0	0	0	0	0.00141457	-0.000826344	-0.014824
5.3	0	0	0	0	1	0	0	0	0.00143326	-0.000812662	-0.0142003
6.6	0	0	1	0	0	0	0	0	0.00142991	-0.000798397	-0.0149689
4.9	0	1	0	0	0	0	0	0	0.00140862	-0.000764038	-0.0152248
5.1	0	1	0	0	0	0	0	0	0.00144497	-0.000864898	-0.0147789
6.1	0	0	1	0	0	0	0	0	0.0014502	-0.000830298	-0.01511
5.56	0	0	0	0	0	0	1	0	0.00144874	-0.000793008	-0.0142666
3.965	0	0	0	0	0	0	0	1	0.00140551	-0.0007641	-0.014613
8.055	0	0	0	0	0	0	0	1	0.00134954	-0.000709377	-0.0109842
8.2	0	1	0	0	0	0	0	0	0.00137647	-0.000804162	-0.0146669
4.7	1	0	0	0	0	0	0	0	0.00139041	-0.000816878	-0.0154324
6.105	0	0	0	0	0	0	1	0	0.00140441	-0.000760846	-0.0140883
9.035	0	0	0	0	0	1	0	0	0.00145233	-0.00081878	-0.013873
8.21	0	0	0	0	0	1	0	0	0.00144668	-0.000813568	-0.0145197
5.3	0	1	0	0	0	0	0	0	0.00142364	-0.000849711	-0.014354
7.765	0	0	0	0	0	0	1	0	0.00146699	-0.000867273	-0.0136402
8.2	1	0	0	0	0	0	0	0	0.00144158	-0.000799783	-0.0147658
7.125	0	0	0	0	0	0	0	1	0.00141204	-0.000805963	-0.0141103
5.46	0	0	0	0	0	1	0	0	0.00144578	-0.000813215	-0.0153805
7.5	0	0	0	1	0	0	0	0	0.0013122	-0.0006747	-0.00547131
7.25	0	0	0	1	0	0	0	0	0.00135596	-0.000825643	-0.0147572
3.9	0	0	1	0	0	0	0	0	0.00142156	-0.000809195	-0.0149766
7.95	0	0	0	0	0	0	0	1	0.00143752	-0.000758584	-0.0139597
11.12	0	0	0	0	0	0	1	0	0.00145557	-0.000800902	-0.0144917
6.2	1	0	0	0	0	0	0	0	0.00145878	-0.00087978	-0.0150082
6.475	0	0	0	0	0	0	0	1	0.00141825	-0.000779889	-0.0148203
5.8	0	0	1	0	0	0	0	0	0.00145239	-0.000804346	-0.0145557
6.8	0	1	0	0	0	0	0	0	0.00142117	-0.000777071	-0.0148348
5.1	0	0	0	1	0	0	0	0	0.00143517	-0.000797948	-0.0149645
5.8	1	0	0	0	0	0	0	0	0.00143096	-0.000834033	-0.015094
9.46	0	0	0	0	0	1	0	0	0.00136738	-0.00073579	-0.00966955
7.65	0	0	0	1	0	0	0	0	0.00140782	-0.000836656	-0.0149497
5.8	1	0	0	0	0	0	0	0	0.00136607	-0.000664894	-0.010962
8.785	0	0	0	0	0	1	0	0	0.00132142	-0.000631175	-0.0102784
9.05	0	0	0	1	0	0	0	0	0.0012916	-0.000645048	-0.0062227
2.53	0	0	0	0	0	1	0	0	0.00133846	-0.000747966	-0.00992752
5.84	0	0	0	0	0	0	1	0	0.000713949	-6.57249e-05	0.00686317
4.2	0	0	0	1	0	0	0	0	0.00131662	-0.000686443	-0.0102886
8	0	0	0	1	0	0	0	0	0.00133846	-0.000640625	-0.00643488
7.795	0	0	0	0	0	1	0	0	0.00112898	-0.000875539	-0.0133586
6.1	1	0	0	0	0	0	0	0	0.0013596	-0.000726355	-0.00873418
4.3	0	0	0	0	1	0	0	0	0.00134701	-0.000681073	-0.00771023
6.505	0	0	0	0	1	0	0	0	0.00144156	-0.000785571	-0.0106568
6.5	1	0	0	0	0	0	0	0	0.00140069	-0.000748207	-0.01196
3.95	0	0	0	1	0	0	0	0	0.00130778	-0.00065483	-0.00656234
8.46	0	0	0	0	0	0	0	1	0.00136362	-0.000714701	-0.00922109
6.76	0	1	0	0	0	0	0	0	0.00134017	-0.00071244	-0.00902504
5.03	0	0	0	0	0	0	0	1	0.00134225	-0.000695531	-0.0065695
6.3	1	0	0	0	0	0	0	0	0.00133065	-0.000691586	-0.0104499
4.24	0	0	0	0	0	0	1	0	0.00140361	-0.000713883	-0.0102371
6.2	0	0	1	0	0	0	0	0	0.00139051	-0.000729093	-0.0117891
6.53	0	0	0	0	0	0	0	1	0.00133322	-0.000715441	-0.0123014
5.22	0	0	0	0	0	0	1	0	0.00124292	-0.000580909	-0.00665546
7.41	0	0	0	0	0	0	0	1	0.00133451	-0.00067987	-0.00851198
5.045	0	0	0	0	0	0	1	0	0.00137165	-0.000689962	-0.00781696
5.24	0	1	0	0	0	0	0	0	0.00134811	-0.000695011	-0.00716115
6.9	0	1	0	0	0	0	0	0	0.00130637	-0.000637411	-0.00643241
5.8	0	0	1	0	0	0	0	0	0.00134478	-0.000691285	-0.00966959
7.75	0	0	0	0	0	0	0	1	0.00135157	-0.000774887	-0.0127921
5.4	0	0	0	1	0	0	0	0	0.00130536	-0.00069522	-0.00643198
6.18	0	0	0	0	1	0	0	0	0.00121289	-0.000637613	-0.00754952
7.1	0	0	0	1	0	0	0	0	0.00131362	-0.000702319	-0.00732211
8.81	0	0	0	0	0	1	0	0	0.0012969	-0.000654478	-0.00544551
7.3	0	1	0	0	0	0	0	0	0.0010123	-0.000773468	-0.00682913
7.415	0	0	0	0	0	0	0	1	0.00132691	-0.000675279	-0.00621297
8.4	0	0	1	0	0	0	0	0	0.000900859	-0.000719732	-0.0104036
6.3	0	0	0	1	0	0	0	0	0.00117305	-0.000697693	-0.00689379
7.605	0	0	0	0	0	0	1	0	0.00111088	-0.000723572	-0.00629239
4.11	0	0	0	0	0	0	0	1	0.00140269	-0.000748509	-0.0141428
6.1	1	0	0	0	0	0	0	0	0.00143276	-0.000736015	-0.0146029
8.345	0	0	0	0	0	0	1	0	0.00141828	-0.000753513	-0.0143269
6.4	0	1	0	0	0	0	0	0	0.00133988	-0.00069524	-0.0141264
10.05	0	0	0	0	0	0	1	0	0.00137775	-0.000668075	-0.0136342
4.6	0	1	0	0	0	0	0	0	0.00136625	-0.000654381	-0.0136233
4.3	0	1	0	0	0	0	0	0	0.00136809	-0.000619466	-0.0134307
6.6	0	0	1	0	0	0	0	0	0.00132221	-0.000687839	-0.0130675
8.1	1	0	0	0	0	0	0	0	0.00139848	-0.000769771	-0.0132264
7.81	0	0	0	0	0	0	0	1	0.00139887	-0.000717195	-0.00611094
7.3	1	0	0	0	0	0	0	0	0.00139056	-0.000704509	-0.0141272
7.88	0	0	0	0	0	1	0	0	0.00132798	-0.000701824	-0.0138523
7.58	0	0	0	0	0	0	0	1	0.00144577	-0.000658022	-0.0135538
8.99	0	0	0	0	0	0	0	1	0.0012345	-0.000694594	-0.0137613
9.05	0	1	0	0	0	0	0	0	0.00128145	-0.000703202	-0.0137821
6.8	1	0	0	0	0	0	0	0	0.00138722	-0.000730859	-0.0140393
5.535	0	0	0	0	0	1	0	0	0.00144986	-0.000763404	-0.012545
5	0	0	1	0	0	0	0	0	0.00138028	-0.000627628	-0.0138806
6.6	0	1	0	0	0	0	0	0	0.00136822	-0.00064425	-0.0135918
4.3	0	0	1	0	0	0	0	0	0.00136633	-0.000726584	-0.0123506
3.15	0	0	0	0	0	0	0	1	0.0013237	-0.00069771	-0.00785586
7.4	1	0	0	0	0	0	0	0	0.00140978	-0.000705578	-0.0135172
7.2	1	0	0	0	0	0	0	0	0.0013948	-0.000737546	-0.0138203
10.9	0	0	0	0	0	0	1	0	0.00122715	-0.000778881	-0.0136408
4.1	0	0	0	0	1	0	0	0	0.00136258	-0.000665286	-0.0127826
5.9	1	0	0	0	0	0	0	0	0.00136754	-0.000727689	-0.0140547
5.2	0	0	1	0	0	0	0	0	0.00136803	-0.000715993	-0.0139621
4.5	0	0	1	0	0	0	0	0	0.00139326	-0.00070466	-0.013571
6	1	0	0	0	0	0	0	0	0.00132544	-0.000675499	-0.0134281
6.6	0	0	1	0	0	0	0	0	0.00128015	-0.00064684	-0.0141566
6.9	0	1	0	0	0	0	0	0	0.00135992	-0.000671826	-0.0136881
9.04	0	0	0	0	0	0	0	1	0.00129855	-0.000630933	-0.00523624
3.605	0	0	0	0	0	0	0	1	0.00138896	-0.000739579	-0.0134502
5.9	1	0	0	0	0	0	0	0	0.0013442	-0.000738883	-0.0138122
4.3	0	0	1	0	0	0	0	0	0.00141207	-0.000819824	-0.0123988
4.635	0	0	0	0	0	0	0	1	0.00139704	-0.00072872	-0.0145346
7.75	0	0	0	0	0	0	0	1	0.00142946	-0.000686087	-0.0130756
6.33	0	0	0	0	0	0	1	0	0.00137868	-0.000727322	-0.014191
5.535	0	0	0	0	0	1	0	0	0.00132725	-0.00072063	-0.0137949
4.74	0	0	0	0	1	0	0	0	0.00138706	-0.000725676	-0.0118281
6.18	0	0	0	0	1	0	0	0	0.00142765	-0.000759219	-0.0119003
6.15	0	0	0	1	0	0	0	0	0.00136585	-0.000737735	-0.0134872
4.7	0	1	0	0	0	0	0	0	0.00131311	-0.000658011	-0.00706171
5.1	0	1	0	0	0	0	0	0	0.00139997	-0.000661071	-0.013943
7.385	0	0	0	0	0	0	0	1	0.00137033	-0.000709554	-0.013978
7	0	0	0	0	0	1	0	0	0.00136931	-0.000739725	-0.0131327
8.24	0	0	0	0	0	0	0	1	0.00138748	-0.000672024	-0.0140761
6.2	0	0	1	0	0	0	0	0	0.00137177	-0.000752944	-0.0138723
7.425	0	0	0	0	0	0	1	0	0.0014399	-0.000762227	-0.013738
4.635	0	0	0	0	0	0	1	0	0.00139214	-0.000700829	-0.0141725
7.565	0	0	0	0	0	0	0	1	0.00143238	-0.000714103	-0.012597
7.64	0	0	0	0	0	0	0	1	0.00138613	-0.000696541	-0.0130034
7.8	0	0	0	1	0	0	0	0	0.0013862	-0.000782399	-0.0134583
5.1	0	1	0	0	0	0	0	0	0.000990888	-0.000740309	-0.00711819
6.45	0	0	0	1	0	0	0	0	0.00138584	-0.000667982	-0.0135551
8.45	0	0	0	1	0	0	0	0	0.00141874	-0.000632995	-0.0136798
5.2	1	0	0	0	0	0	0	0	0.00134434	-0.000911108	-0.0154958
4.95	0	0	0	1	0	0	0	0	0.00141782	-0.000799465	-0.0148286
5.7	0	1	0	0	0	0	0	0	0.00147854	-0.000917998	-0.0155346
6.7	0	0	1	0	0	0	0	0	0.00138556	-0.000854611	-0.0153022
6.33	0	0	0	0	0	0	0	1	0.00149844	-0.000810681	-0.0146968
13.49	0	0	0	0	0	0	1	0	0.00143839	-0.000867244	-0.0153744
8.325	0	0	0	0	0	0	1	0	0.00148378	-0.000853595	-0.0146675
12.95	0	0	0	0	0	1	0	0	0.00135675	-0.000872751	-0.0135829
7.8	1	0	0	0	0	0	0	0	0.00133591	-0.000683234	-0.00698212
3.78	0	0	0	0	0	0	1	0	0.00139815	-0.000851637	-0.0138904
7.72	0	0	0	0	0	0	0	1	0.00146982	-0.000908226	-0.0149009
5.8	0	1	0	0	0	0	0	0	0.00139983	-0.000808948	-0.0151283
5.17	0	0	0	0	0	0	1	0	0.00143558	-0.000892765	-0.0155561
9.255	0	0	0	0	0	1	0	0	0.00139231	-0.000804775	-0.0146909
5.75	0	0	0	1	0	0	0	0	0.00139652	-0.000849503	-0.0149316
6.75	0	0	0	1	0	0	0	0	0.00139444	-0.00079464	-0.0140086
6.23	0	0	0	0	1	0	0	0	0.00148012	-0.00087243	-0.0133147
7	1	0	0	0	0	0	0	0	0.00139461	-0.000827236	-0.0148867
4.95	0	0	0	1	0	0	0	0	0.00139625	-0.000784792	-0.0149573
4.295	0	0	0	0	0	0	0	1	0.00130802	-0.000670974	-0.00515312
8.865	0	0	0	0	0	1	0	0	0.0014521	-0.000872154	-0.0150698
4.585	0	0	0	0	0	0	1	0	0.00140916	-0.000824162	-0.0142856
3.69	0	0	0	0	0	0	1	0	0.00140747	-0.000805677	-0.0146076
5.9	0	0	1	0	0	0	0	0	0.00147355	-0.00082606	-0.0147117
8.2	0	1	0	0	0	0	0	0	0.00138314	-0.000788275	-0.0148926
6.98	0	0	0	0	0	1	0	0	0.00144169	-0.000848813	-0.0153772
5.1	0	0	1	0	0	0	0	0	0.00141083	-0.000872384	-0.0150412
6.2	0	1	0	0	0	0	0	0	0.00144191	-0.000843997	-0.0150582
8.3	0	1	0	0	0	0	0	0	0.00152163	-0.000834615	-0.0150062
7.07	0	1	0	0	0	0	0	0	0.00141157	-0.000877282	-0.0147254
5.785	0	0	0	0	0	1	0	0	0.00133318	-0.000699747	-0.00700583
8.3	0	0	1	0	0	0	0	0	0.00143098	-0.00084552	-0.0143678
6.985	0	0	0	0	0	0	0	1	0.00146132	-0.000882207	-0.015164
6.9	1	0	0	0	0	0	0	0	0.00146715	-0.000863616	-0.0147167
3.32	0	0	0	0	1	0	0	0	0.00139211	-0.000771904	-0.00959537
5.8	0	1	0	0	0	0	0	0	0.00141655	-0.000818836	-0.0146506
2.86	0	0	0	0	1	0	0	0	0.00144985	-0.000730115	-0.0129137
6.6	0	1	0	0	0	0	0	0	0.00143234	-0.000813542	-0.0145663
4.84	0	0	0	0	0	0	0	1	0.00142809	-0.000833857	-0.0147231
5.9	0	0	1	0	0	0	0	0	0.00142032	-0.000809093	-0.0142234
4.935	0	0	0	0	1	0	0	0	0.0013978	-0.000740767	-0.012341
6.145	0	0	0	0	0	0	1	0	0.00132329	-0.000686156	-0.0064018
3.955	0	0	0	0	0	0	1	0	0.00142785	-0.000821064	-0.0147374
4.61	0	0	0	0	0	0	0	1	0.001389	-0.000808271	-0.0149182
4.875	0	0	0	0	0	1	0	0	0.00147896	-0.00085456	-0.0144755
6.2	0	0	1	0	0	0	0	0	0.00148538	-0.000864463	-0.0146997
6.395	0	0	0	0	0	1	0	0	0.0014149	-0.000858915	-0.0147948
6.55	0	0	0	0	0	0	1	0	0.00148457	-0.000832092	-0.0145349
4.65	0	0	0	1	0	0	0	0	0.00145769	-0.000937052	-0.0159693
7.7	0	0	0	1	0	0	0	0	0.00147983	-0.000858321	-0.0151816
5.8	0	1	0	0	0	0	0	0	0.00148839	-0.000835886	-0.0141611
8.2	0	0	0	1	0	0	0	0	0.00134917	-0.000690865	-0.00630811
8.2	0	1	0	0	0	0	0	0	0.00132383	-0.000714741	-0.00769052
4.4	1	0	0	0	0	0	0	0	0.0014752	-0.000876133	-0.015743
7.2	0	0	1	0	0	0	0	0	0.00148749	-0.00084469	-0.0147491
4.7	1	0	0	0	0	0	0	0	0.00144764	-0.000849383	-0.0142734
5.4	0	1	0	0	0	0	0	0	0.00148802	-0.000822614	-0.0142724
7.56	0	0	0	0	0	0	0	1	0.001442	-0.000838846	-0.0135331
5.715	0	0	0	0	0	1	0	0	0.00148313	-0.000817446	-0.0148477
10.865	0	0	0	0	0	1	0	0	0.00144763	-0.000841784	-0.0138597
6.975	0	0	0	0	0	0	0	1	0.00143516	-0.000842802	-0.0148302
5.82	0	0	0	0	0	0	1	0	0.00142643	-0.000839505	-0.0146223
6.115	0	0	0	0	0	1	0	0	0.0014493	-0.00084159	-0.0152992
9.105	0	0	0	0	0	1	0	0	0.0013733	-0.000700384	-0.00705788
7.7	0	1	0	0	0	0	0	0	0.00134484	-0.000807031	-0.0152602
7.85	0	0	0	1	0	0	0	0	0.00138789	-0.000885517	-0.0156598
6.51	0	1	0	0	0	0	0	0	0.00135107	-0.000694223	-0.00727136
6.505	0	0	0	0	1	0	0	0	0.00135332	-0.000713713	-0.00925516
5.3	0	0	1	0	0	0	0	0	0.00136346	-0.000691477	-0.00638049
7.8	0	0	1	0	0	0	0	0	0.00135789	-0.000667987	-0.00601774
8.85	0	0	0	1	0	0	0	0	0.00131351	-0.000718942	-0.00560414
3.625	0	0	0	0	0	0	0	1	0.00134664	-0.000677498	-0.00741931
6	0	1	0	0	0	0	0	0	0.00132278	-0.000665248	-0.00589931
5.165	0	0	0	0	0	0	0	1	0.00141892	-0.0008084	-0.0128331
6.98	0	0	0	0	0	1	0	0	0.00140524	-0.000771989	-0.0137858
NA	NA	NA	NA	NA	NA	NA	NA	NA	0.000651783	-2.26578e-05	0.0788143
NA	NA	NA	NA	NA	NA	NA	NA	NA	0.000828117	-0.000120301	0.0799488
6.535	0	0	0	0	0	0	0	1	0.000826477	-0.000122386	0.0791807
NA	NA	NA	NA	NA	NA	NA	NA	NA	0.000827364	-0.00011307	0.0800885
6.66	0	0	0	0	1	0	0	0	0.000717795	-5.67008e-05	0.0766978
8.365	0	0	0	0	0	1	0	0	0.000991975	-0.000173148	0.00911521
NA	NA	NA	NA	NA	NA	NA	NA	NA	0.000734554	-1.92337e-05	0.0782291
NA	NA	NA	NA	NA	NA	NA	NA	NA	0.000695936	-2.09762e-05	0.0726087
5.535	0	0	0	0	0	0	0	1	0.000749836	-3.64805e-05	0.0781497
7.285	0	0	0	0	0	1	0	0	0.000803959	-5.70423e-05	0.0760821
NA	NA	NA	NA	NA	NA	NA	NA	NA	0.000761062	-6.60506e-05	0.0752878
3.21	0	0	0	0	0	1	0	0	0.000769336	-6.04268e-05	0.074836
NA	NA	NA	NA	NA	NA	NA	NA	NA	0.000743979	-3.38011e-05	0.075534
4.9	1	0	0	0	0	0	0	0	0.000773396	-1.11727e-05	0.0788471
NA	NA	NA	NA	NA	NA	NA	NA	NA	0.000376725	-6.07492e-05	0.057067
5.505	0	0	0	0	0	0	0	1	0.00141608	-0.000788715	-0.0147256
6.44	0	0	0	0	0	0	1	0	0.0013954	-0.000800609	-0.0146524
8.9	0	1	0	0	0	0	0	0	0.00137534	-0.000784033	-0.014277
7.105	0	0	0	0	0	1	0	0	0.00141168	-0.000791144	-0.0142254
4.7	0	0	1	0	0	0	0	0	0.00145052	-0.000849335	-0.0149593
4.065	0	0	0	0	0	0	0	1	0.00136837	-0.000762502	-0.0147555
5.605	0	0	0	0	0	0	1	0	0.00143061	-0.00081608	-0.0134583
5.7	0	0	0	1	0	0	0	0	0.00139192	-0.000777282	-0.0137026
7.2	1	0	0	0	0	0	0	0	0.00140716	-0.000797116	-0.014422
8.1	1	0	0	0	0	0	0	0	0.00144596	-0.000805329	-0.0137466
5.155	0	0	0	0	0	0	1	0	0.00139749	-0.000737799	-0.0137531
7.295	0	0	0	0	0	0	0	1	0.00139779	-0.000786895	-0.0132563
6.78	0	0	0	0	0	0	0	1	0.00138822	-0.000766406	-0.0129167
6.385	0	0	0	0	0	1	0	0	0.00144776	-0.000826018	-0.0115022
6.4	1	0	0	0	0	0	0	0	0.00141104	-0.000775761	-0.0120389
10.23	0	0	0	0	0	1	0	0	-0.769259	-0.240712	0.00975192
6.065	0	0	0	0	0	0	1	0	0.00141062	-0.000773599	-0.0139807
3.7	0	0	1	0	0	0	0	0	0.00143801	-0.000822815	-0.0136192
6.3	1	0	0	0	0	0	0	0	0.0014646	-0.000785023	-0.0129098
5.3	1	0	0	0	0	0	0	0	0.00142012	-0.0007505	-0.0127185
NA	NA	NA	NA	NA	NA	NA	NA	NA	-0.0186329	-0.00509017	-0.00705036
6.9	0	1	0	0	0	0	0	0	0.00128939	-0.000756427	-0.0119379
7	0	0	0	1	0	0	0	0	0.0012466	-0.000673047	-0.0108429
5.4	0	1	0	0	0	0	0	0	0.00136614	-0.000745585	-0.0118679
6.045	0	0	0	0	0	0	0	1	0.00134309	-0.000716939	-0.011554
8.185	0	0	0	0	0	0	1	0	0.00130118	-0.000686643	-0.0119378
5.6	0	1	0	0	0	0	0	0	0.00103619	-0.000136616	0.0101533
6.925	0	0	0	0	1	0	0	0	0.00129423	-0.000742416	-0.0115379
6.185	0	0	0	0	1	0	0	0	0.00138656	-0.000747065	-0.0100407
6.92	0	0	0	0	0	0	1	0	0.0013465	-0.000734014	-0.0113277
6.105	0	0	0	0	0	0	1	0	0.00126388	-0.000609026	-0.0091636
7.11	0	0	0	0	0	0	0	1	0.00131679	-0.000717666	-0.011014
4.965	0	0	0	0	0	1	0	0	0.00137951	-0.000705573	-0.0112216
6.95	0	0	0	1	0	0	0	0	0.0012964	-0.000724518	-0.0109352
5.865	0	0	0	0	1	0	0	0	0.00138427	-0.000752748	-0.010871
6.2	1	0	0	0	0	0	0	0	0.00131217	-0.00073492	-0.0116315
7.645	0	0	0	0	0	1	0	0	0.001311	-0.0006949	-0.0118008
4.62	0	0	0	0	0	1	0	0	0.00141334	-0.000791076	-0.0141188
6.2	0	0	1	0	0	0	0	0	0.00138785	-0.000781883	-0.0136275
7.9	0	0	0	1	0	0	0	0	0.00137877	-0.000779053	-0.0132364
6.4	0	0	1	0	0	0	0	0	0.00141083	-0.000796771	-0.0137748
5.69	0	1	0	0	0	0	0	0	0.00141264	-0.000785921	-0.0130957
6.77	0	0	0	0	0	0	0	1	0.00135193	-0.000803046	-0.0145889
6.66	0	0	0	0	0	0	1	0	0.00143685	-0.000821264	-0.0127323
7.855	0	0	0	0	0	0	0	1	0.000950234	-0.00060847	-0.0131794
4.58	0	0	0	0	0	0	1	0	0.00138245	-0.000783982	-0.0139129
8.48	0	0	0	0	0	0	0	1	0.00144676	-0.000865771	-0.0137086
4.72	0	0	0	0	0	1	0	0	0.00107439	-0.000139278	0.0115767
6.18	0	0	0	0	0	0	0	1	0.0012723	-0.000630571	-0.010196
6.5	1	0	0	0	0	0	0	0	0.00110072	-0.000158031	0.00892847
10.46	0	0	0	0	0	1	0	0	-0.14211	0.431527	0.00260159
7.17	0	0	0	0	0	0	0	1	0.00103307	-0.000242827	0.00946476
4.725	0	0	0	0	0	0	1	0	0.000919883	-0.00062349	-0.0105892
5.9	1	0	0	0	0	0	0	0	0.00145847	-0.00082651	-0.0149928
4.71	0	0	0	0	0	1	0	0	0.00143539	-0.000844957	-0.0147965
7.3	0	0	0	0	0	0	0	1	0.0014556	-0.000816492	-0.0152736
5.61	0	1	0	0	0	0	0	0	0.00146873	-0.000797053	-0.0149566
6.8	0	1	0	0	0	0	0	0	0.0014864	-0.000802012	-0.0139947
7.1	0	1	0	0	0	0	0	0	0.00145123	-0.000842741	-0.0155834
8.445	0	0	0	0	0	1	0	0	0.00143432	-0.00081341	-0.0146857
5	0	1	0	0	0	0	0	0	0.00146309	-0.000774951	-0.0140556
7.6	0	0	0	0	0	0	0	1	0.00138272	-0.000773676	-0.0150633
6.6	0	1	0	0	0	0	0	0	0.00147493	-0.000820321	-0.0150976
5.575	0	0	0	0	0	0	1	0	0.00144055	-0.000837139	-0.0156551
7.8	1	0	0	0	0	0	0	0	0.00131445	-0.000770836	-0.0142775
6.68	0	0	0	0	0	0	0	1	0.00137036	-0.000792272	-0.0139432
8.3	0	1	0	0	0	0	0	0	0.00138683	-0.000824304	-0.0146722
11.01	0	0	0	0	0	1	0	0	0.00132931	-0.000749742	-0.0137861
8.085	0	0	0	0	0	1	0	0	0.0012505	-0.00071775	-0.0141296
7.06	0	0	0	0	0	1	0	0	0.00128724	-0.00074481	-0.0140643
6.995	0	0	0	0	0	0	0	1	0.0012683	-0.000677525	-0.0133815
5.995	0	0	0	0	0	1	0	0	0.00132672	-0.000697163	-0.013905
6.175	0	0	0	0	0	0	1	0	0.00144117	-0.000781191	-0.0152846
10.92	0	0	0	0	0	1	0	0	0.00145469	-0.000839153	-0.0149395
6.2	0	0	0	0	0	1	0	0	0.00148991	-0.000845816	-0.0146475
7.6	0	0	1	0	0	0	0	0	0.00144614	-0.000842365	-0.0155864
8.18	0	0	0	0	0	0	1	0	0.00148753	-0.00079444	-0.0130982
5.795	0	0	0	0	0	0	0	1	0.00144671	-0.00084402	-0.015819
8.38	0	0	0	0	0	0	0	1	0.00141464	-0.00079532	-0.0143429
7.78	0	0	0	0	0	0	1	0	0.00143728	-0.000801381	-0.0148813
6.76	0	0	0	0	0	0	0	1	0.00108201	-0.000278334	0.0107525
6	0	0	0	1	0	0	0	0	0.00110317	-0.000276051	0.0101671
4.5	0	0	0	1	0	0	0	0	0.00107169	-0.000283521	0.00859231
8.18	0	0	0	0	0	0	0	1	0.00107813	-0.000269597	0.00874872
4.8	0	0	0	1	0	0	0	0	0.00106915	-0.000181756	0.00952601
7.4	0	0	0	0	0	0	0	1	0.0010699	-0.00020665	0.0086868
6	0	1	0	0	0	0	0	0	0.00126521	-0.000561575	-0.00667679
8.325	0	0	0	0	0	0	1	0	0.00133611	-0.000673446	-0.00673224
6.6	0	0	1	0	0	0	0	0	0.00128228	-0.00060983	-0.00666553
5.6	0	1	0	0	0	0	0	0	0.00130905	-0.000682274	-0.00688833
7.545	0	0	0	0	0	1	0	0	0.00136795	-0.000707618	-0.00704692
6.1	1	0	0	0	0	0	0	0	0.00136309	-0.000702371	-0.00720455
2.8	1	0	0	0	0	0	0	0	0.00130333	-0.000685398	-0.00671023
8.955	0	0	0	0	1	0	0	0	0.00124729	-0.000604538	-0.00477683
7.73	0	0	0	0	0	0	0	1	0.00129279	-0.000686148	-0.00670759
7.495	0	0	0	0	0	1	0	0	0.00134419	-0.000662949	-0.00653885
4.205	0	0	0	0	1	0	0	0	0.00139302	-0.000728715	-0.00567611
5.3	1	0	0	0	0	0	0	0	0.001337	-0.000725245	-0.00644387
4.775	0	0	0	0	0	0	1	0	0.00137065	-0.000713634	-0.00724412
6.185	0	0	0	0	1	0	0	0	0.00141834	-0.000717133	-0.00492482
7.2	0	0	1	0	0	0	0	0	0.00132492	-0.000706571	-0.0112565
5.57	0	0	0	0	0	0	0	1	0.000309277	0.00162851	0.0123444
NA	NA	NA	NA	NA	NA	NA	NA	NA	0.00117667	-0.000527184	-0.00370255
NA	NA	NA	NA	NA	NA	NA	NA	NA	0.00125257	-0.000591946	-0.00422691
NA	NA	NA	NA	NA	NA	NA	NA	NA	0.00116738	-0.000419698	-0.00185173
NA	NA	NA	NA	NA	NA	NA	NA	NA	0.00136854	-0.000683769	-0.00940247
NA	NA	NA	NA	NA	NA	NA	NA	NA	0.00127425	-0.000640891	-0.00643008
NA	NA	NA	NA	NA	NA	NA	NA	NA	0.00123028	-0.000627904	-0.00605214
NA	NA	NA	NA	NA	NA	NA	NA	NA	0.000984359	-0.000182653	0.00910845
NA	NA	NA	NA	NA	NA	NA	NA	NA	0.00101408	-0.000283385	0.00609164
NA	NA	NA	NA	NA	NA	NA	NA	NA	0.000993486	-0.000223612	0.0100977
NA	NA	NA	NA	NA	NA	NA	NA	NA	0.00103003	-0.000143633	0.0111917
NA	NA	NA	NA	NA	NA	NA	NA	NA	0.00100694	-0.000168876	0.00855213
7.45	0	0	0	0	0	0	0	1	0.00134431	-0.000705158	-0.0127712
NA	NA	NA	NA	NA	NA	NA	NA	NA	0.000994675	-0.000191009	0.00829433
4.8	1	0	0	0	0	0	0	0	0.00128615	-0.000687714	-0.00666736
NA	NA	NA	NA	NA	NA	NA	NA	NA	0.00127934	-0.00065045	-0.00539937
NA	NA	NA	NA	NA	NA	NA	NA	NA	0.00103332	-0.000251767	0.010387
8.125	0	0	0	0	0	1	0	0	0.00132836	-0.000713283	-0.00465714
5.88	0	0	0	0	0	1	0	0	0.00127412	-0.000648292	-0.00393958
3.38	0	0	0	0	0	0	0	1	0.00128945	-0.000641781	-0.00742054
8.025	0	0	0	0	0	1	0	0	0.00131846	-0.000658121	-0.00646567
4.815	0	0	0	0	0	0	0	1	0.00131497	-0.000649369	-0.00704691
3.775	0	0	0	0	0	0	1	0	0.00138685	-0.000735541	-0.00701604
5.88	0	0	0	0	1	0	0	0	0.00136115	-0.000675235	-0.00365572
5.45	0	0	0	0	0	0	1	0	0.00129118	-0.000639194	-0.00743232
5.6	0	0	0	0	0	0	0	1	0.00134231	-0.000643876	-0.00648968
7.4	0	1	0	0	0	0	0	0	0.00132637	-0.000646081	-0.00533125
5.7	0	1	0	0	0	0	0	0	0.00135185	-0.000695008	-0.00589546
6.6	1	0	0	0	0	0	0	0	0.0013407	-0.000685208	-0.00641549
4.115	0	0	0	0	1	0	0	0	0.00137233	-0.000717566	-0.00656629
5.7	1	0	0	0	0	0	0	0	0.00132445	-0.000695608	-0.00604518
6.335	0	0	0	0	0	0	0	1	0.00121924	-0.000717897	-0.00644361
5.095	0	0	0	0	0	0	0	1	0.000922341	-0.000755676	-0.00644597
5.32	0	0	0	0	0	0	1	0	0.00128489	-0.000659914	-0.00553691
7.07	0	0	0	0	0	0	0	1	0.00131843	-0.000652556	-0.00645063
5.44	0	1	0	0	0	0	0	0	0.00131492	-0.000686798	-0.0063691
4.57	0	0	0	0	1	0	0	0	0.00132758	-0.000654546	-0.00648425
4.62	0	1	0	0	0	0	0	0	0.00139017	-0.000695697	-0.00629001
3.155	0	0	0	0	0	0	1	0	0.00131512	-0.000697002	-0.00621952
8.1	0	0	0	0	0	1	0	0	0.00138987	-0.000706578	-0.00713637
5.5	0	0	1	0	0	0	0	0	0.0012888	-0.000695702	-0.0118071
5.1	1	0	0	0	0	0	0	0	0.00128577	-0.000704201	-0.012993
8.3	0	1	0	0	0	0	0	0	0.00134726	-0.00072763	-0.0115692
7.17	0	0	0	0	0	0	0	1	0.00132043	-0.000726514	-0.0119594
7.7	1	0	0	0	0	0	0	0	0.00136637	-0.000743717	-0.0104207
5.17	0	0	0	0	0	0	0	1	0.00132924	-0.000755009	-0.0127688
6.7	0	1	0	0	0	0	0	0	0.00133777	-0.000763733	-0.0116964
8.12	0	1	0	0	0	0	0	0	0.00134552	-0.000710885	-0.0118696
5.3	1	0	0	0	0	0	0	0	0.00136184	-0.000812025	-0.0135967
6.695	0	0	0	0	0	1	0	0	0.00135475	-0.000714943	-0.0117735
6.4	1	0	0	0	0	0	0	0	0.00134652	-0.000770036	-0.0126556
0.6	0	0	1	0	0	0	0	0	0.00136621	-0.000786821	-0.0120168
5.85	0	0	0	1	0	0	0	0	0.00100426	-0.00026861	0.00748943
8.53	0	0	0	0	0	1	0	0	0.00102533	-0.00022048	0.00810923
8.245	0	0	0	0	0	0	0	1	0.00112125	-0.000362591	0.00431274
3.625	0	0	0	0	0	0	0	1	0.0010353	-0.0001379	0.00954185
6	0	0	1	0	0	0	0	0	0.00100323	-0.000183287	0.00892953
7.2	0	1	0	0	0	0	0	0	0.00121791	-0.000582757	-0.0128771
5.28	0	0	0	0	0	0	1	0	0.00133592	-0.000784045	-0.0139494
6.3	0	1	0	0	0	0	0	0	0.00140995	-0.000748733	-0.0144122
7.44	0	0	0	0	0	0	0	1	0.00141013	-0.000736082	-0.0139551
5.76	0	0	0	0	1	0	0	0	0.00114347	-0.000365227	-0.000739265
4.73	0	0	0	0	0	1	0	0	0.00132824	-0.000673334	-0.00979686
8.09	0	1	0	0	0	0	0	0	0.00139932	-0.000811048	-0.0144809
8.805	0	0	0	0	0	1	0	0	0.0014794	-0.000789371	-0.0129687
4.6	0	1	0	0	0	0	0	0	0.00138865	-0.000800614	-0.0145165
6.9	0	0	1	0	0	0	0	0	0.00146652	-0.000793595	-0.0151019
6.6	0	1	0	0	0	0	0	0	0.00143655	-0.000822185	-0.0136506
NA	NA	NA	NA	NA	NA	NA	NA	NA	0.00138992	-0.000780603	-0.0139338
7.29	0	0	0	0	0	0	0	1	0.00144211	-0.000756041	-0.0130048
9.095	0	0	0	0	0	0	0	1	0.00139813	-0.000788569	-0.0145716
8.5	0	1	0	0	0	0	0	0	0.00137601	-0.000795628	-0.0146901
7.42	0	1	0	0	0	0	0	0	0.00140921	-0.000822551	-0.0151173
8.06	0	0	0	0	0	0	0	1	0.00143354	-0.000778478	-0.0147223
3.9	1	0	0	0	0	0	0	0	0.00140753	-0.000829633	-0.0138382
7.49	0	0	0	0	0	0	1	0	0.00144821	-0.000749222	-0.0134733
4.46	0	0	0	0	0	0	0	1	0.0014449	-0.000815876	-0.0145087
4.9	0	1	0	0	0	0	0	0	0.00144691	-0.000790312	-0.0145869
6.215	0	0	0	0	0	0	0	1	0.00137267	-0.000789704	-0.0146361
8.145	0	0	0	0	0	1	0	0	0.00145525	-0.000850304	-0.0143332
8.3	1	0	0	0	0	0	0	0	0.00136262	-0.000771827	-0.0148626
6.065	0	0	0	0	0	0	1	0	0.00136928	-0.000835608	-0.0141219
9.3	1	0	0	0	0	0	0	0	0.00143383	-0.000824505	-0.0148049
5.25	0	0	0	1	0	0	0	0	0.00138485	-0.000817019	-0.0140477
10.365	0	0	0	0	0	1	0	0	0.00146541	-0.000812458	-0.012936
7.14	0	0	0	0	0	1	0	0	0.00138123	-0.000796722	-0.0144429
3.795	0	0	0	0	1	0	0	0	0.00144259	-0.000808275	-0.0134381
7.6	0	0	0	1	0	0	0	0	0.00140228	-0.000836463	-0.015009
3.1	0	0	1	0	0	0	0	0	0.00139312	-0.000828226	-0.0141511
5.935	0	0	0	0	0	0	1	0	0.00138089	-0.000796295	-0.0149444
6.03	0	0	0	0	0	0	0	1	0.00142299	-0.000812536	-0.0148226
6.1	0	0	1	0	0	0	0	0	0.00135803	-0.000792476	-0.0136499
NA	NA	NA	NA	NA	NA	NA	NA	NA	0.00144456	-0.00082718	-0.0132674
5.8	1	0	0	0	0	0	0	0	0.00144438	-0.000768523	-0.0133492
7.3	0	1	0	0	0	0	0	0	0.00146717	-0.000861117	-0.0152323
6.33	0	0	0	0	1	0	0	0	0.00145378	-0.000789639	-0.0139857
7.995	0	0	0	0	0	0	0	1	0.00142583	-0.000789392	-0.0140109
6.895	0	0	0	0	0	0	0	1	0.00145526	-0.000811836	-0.0150703
2.77	0	0	0	0	0	1	0	0	0.00146338	-0.000860213	-0.0152295
4.775	0	0	0	0	0	0	0	1	0.00141287	-0.000800596	-0.013538
6.1	0	0	1	0	0	0	0	0	0.00141016	-0.000784731	-0.0139657
5.05	0	0	0	1	0	0	0	0	0.00142512	-0.000807546	-0.0135764
7.4	1	0	0	0	0	0	0	0	0.00136633	-0.000793582	-0.0143506
7.6	0	0	1	0	0	0	0	0	0.00137079	-0.000762932	-0.0141535
6.7	1	0	0	0	0	0	0	0	0.00137923	-0.000793007	-0.0149714
4.585	0	0	0	0	0	0	0	1	0.00142267	-0.000836774	-0.014754
6.3	1	0	0	0	0	0	0	0	0.00141288	-0.000852639	-0.0155606
2.815	0	0	0	0	0	0	1	0	0.00143635	-0.000845266	-0.0149669
9.995	0	0	0	0	0	1	0	0	0.00145492	-0.000840353	-0.0147571
6.055	0	0	0	0	0	0	1	0	0.00142676	-0.000858807	-0.0155158
6.405	0	0	0	0	0	0	0	1	0.00144092	-0.000773205	-0.015203
4.5	1	0	0	0	0	0	0	0	0.00144199	-0.000829362	-0.0130813
5.86	0	0	0	0	0	0	0	1	0.00141461	-0.000840821	-0.0140109
5.3	0	0	0	0	0	0	0	1	0.00142382	-0.000799938	-0.0150018
6.5	0	0	0	1	0	0	0	0	0.00140103	-0.000770177	-0.015368
7.9	0	1	0	0	0	0	0	0	0.00144526	-0.000770589	-0.0144587
8.7	0	1	0	0	0	0	0	0	0.00141941	-0.000848928	-0.0151212
6.7	0	0	0	1	0	0	0	0	0.00148403	-0.000873385	-0.0148964
5.05	0	0	0	1	0	0	0	0	0.00142466	-0.000744346	-0.0146715
4.6	1	0	0	0	0	0	0	0	0.00145885	-0.00081663	-0.0146514
7.44	0	0	0	0	1	0	0	0	0.00143035	-0.000813378	-0.0132875
6	0	0	1	0	0	0	0	0	0.00133039	-0.000746537	-0.0149364
6.51	0	0	0	0	0	0	1	0	0.00137073	-0.000841447	-0.0152456
5	0	0	0	1	0	0	0	0	0.00142817	-0.000840321	-0.0146734
5.11	0	0	0	0	0	0	1	0	0.00143546	-0.000786303	-0.0147982
5.165	0	0	0	0	1	0	0	0	0.00145257	-0.000848196	-0.0137775
6.2	0	0	1	0	0	0	0	0	0.00145287	-0.000807014	-0.0148978
6.7	0	0	1	0	0	0	0	0	0.00147562	-0.000800491	-0.0139222
6.885	0	0	0	0	0	1	0	0	0.00139412	-0.000812243	-0.0147267
7.855	0	0	0	0	0	0	0	1	0.00142552	-0.000854558	-0.0147298
5.18	0	0	0	0	0	0	0	1	0.00141072	-0.000824257	-0.014646
9.75	0	0	0	0	0	1	0	0	0.00142998	-0.000824314	-0.014138
7.22	0	0	0	0	1	0	0	0	0.00143258	-0.000836863	-0.0121986
7.3	0	0	1	0	0	0	0	0	0.00143156	-0.000841911	-0.0145303
8.305	0	0	0	0	0	0	1	0	0.00147386	-0.000811947	-0.0127447
2.88	0	0	0	0	0	0	0	1	0.00139813	-0.000818026	-0.0146354
8.095	0	0	0	0	0	0	0	1	0.0013855	-0.000788571	-0.0143707
7.785	0	0	0	0	1	0	0	0	0.00142141	-0.000795023	-0.0123346
5.41	0	0	0	0	0	1	0	0	0.00140717	-0.000755935	-0.0144711
5.355	0	0	0	0	0	1	0	0	0.00146712	-0.000838645	-0.0117566
5.15	0	0	0	1	0	0	0	0	0.00141648	-0.000831154	-0.0142843
6.5	0	1	0	0	0	0	0	0	0.00138374	-0.0007753	-0.0136145
8.12	0	1	0	0	0	0	0	0	0.00142537	-0.000777486	-0.0149478
7.8	0	0	0	0	0	1	0	0	0.00145386	-0.000843825	-0.0124226
7.5	0	1	0	0	0	0	0	0	0.0013825	-0.000772089	-0.0141816
7.4	0	1	0	0	0	0	0	0	0.0013993	-0.000844685	-0.014743
5.68	0	0	0	0	0	0	0	1	0.00137742	-0.000833522	-0.0137704
7.9	1	0	0	0	0	0	0	0	0.00139609	-0.000791439	-0.014556
5.075	0	0	0	0	0	0	0	1	0.00144875	-0.000774964	-0.0142465
5.36	0	0	0	0	0	1	0	0	0.00144226	-0.000806978	-0.012919
8	0	0	0	1	0	0	0	0	0.0014254	-0.00077915	-0.0131406
5.5	0	0	1	0	0	0	0	0	0.00141498	-0.000818987	-0.0136246
5.1	0	0	1	0	0	0	0	0	0.00140959	-0.000824231	-0.0148815
7.5	1	0	0	0	0	0	0	0	0.00144132	-0.00077336	-0.0137381
7.78	0	0	0	0	0	1	0	0	0.00143812	-0.000772632	-0.0137663
5.6	0	0	0	1	0	0	0	0	0.00135677	-0.000787628	-0.013673
4.09	0	0	0	0	0	0	0	1	0.00144883	-0.000843107	-0.0144301
7.785	0	0	0	0	0	0	0	1	0.00139017	-0.000798317	-0.0140876
4.6	1	0	0	0	0	0	0	0	0.00139182	-0.000744085	-0.0137974
4.87	0	0	0	0	0	1	0	0	0.00145941	-0.000825874	-0.0123829
7.2	0	1	0	0	0	0	0	0	0.00142109	-0.000769003	-0.013903
4.4	0	0	1	0	0	0	0	0	0.00135976	-0.000772238	-0.0136223
5.055	0	0	0	0	0	0	0	1	0.00138525	-0.00081013	-0.0125922
7.405	0	0	0	0	0	0	1	0	0.00130366	-0.000812591	-0.0150903
7.255	0	0	0	0	0	1	0	0	0.00133032	-0.000854746	-0.0142463
5.9	0	0	1	0	0	0	0	0	0.00140352	-0.000801021	-0.0132226
6.235	0	0	0	0	0	0	1	0	0.00140342	-0.000799103	-0.0141554
7	0	1	0	0	0	0	0	0	0.00129327	-0.000728316	-0.0139058
5.71	0	0	0	0	0	0	1	0	0.00137378	-0.000760013	-0.0142285
5.5	0	0	1	0	0	0	0	0	0.00144433	-0.000867898	-0.0145931
6.46	0	0	0	0	1	0	0	0	0.00144174	-0.000773308	-0.013655
5.2	0	0	0	0	0	0	0	1	0.00138288	-0.000709566	-0.0139814
5.645	0	0	0	0	0	0	0	1	0.00140737	-0.000742606	-0.0136821
5.55	0	0	0	1	0	0	0	0	-0.263435	0.850191	-0.0143055
3.62	0	0	0	0	0	0	0	1	0.0013688	-0.000717959	-0.0136791
6.38	0	0	0	0	0	0	1	0	0.00139955	-0.000669471	-0.0139799
3.205	0	0	0	0	0	0	0	1	0.00139329	-0.000753107	-0.0136078
5.175	0	0	0	0	0	0	0	1	0.00138971	-0.000754681	-0.0146335
6.975	0	0	0	0	1	0	0	0	0.0014505	-0.000725249	-0.0121214
6.795	0	0	0	0	0	1	0	0	0.00135357	-0.000594037	-0.0136239
4	0	0	0	0	1	0	0	0	0.00139309	-0.000704365	-0.0117241
6.6	0	1	0	0	0	0	0	0	0.00136418	-0.000751215	-0.0144367
5.85	0	0	0	1	0	0	0	0	0.00137841	-0.000640483	-0.0140252
5.035	0	0	0	0	0	1	0	0	0.00137	-0.000733915	-0.0136221
4.88	0	0	0	0	0	0	0	1	0.00138637	-0.00075401	-0.0141394
4.7	0	1	0	0	0	0	0	0	0.00136555	-0.00076544	-0.013862
8.575	0	0	0	0	0	0	0	1	0.00137844	-0.000745084	-0.0139417
3.25	0	0	0	1	0	0	0	0	0.00136032	-0.000675553	-0.0132529
7.9	0	0	1	0	0	0	0	0	0.00129774	-0.000643259	-0.0134965
5.545	0	0	0	0	1	0	0	0	0.00143145	-0.000922519	-0.0161338
3.78	0	0	0	0	0	0	1	0	0.0013519	-0.000745583	-0.0142062
3.325	0	0	0	0	0	0	0	1	0.00139225	-0.000729341	-0.0133163
4.085	0	0	0	0	0	0	0	1	0.00138917	-0.000719817	-0.0127338
5.43	0	0	0	0	0	0	0	1	0.00142063	-0.00071374	-0.0140316
6.595	0	0	0	0	0	0	0	1	0.00133004	-0.000580335	-0.013412
5.66	0	0	0	0	0	0	1	0	0.001371	-0.000757348	-0.0143672
6.94	0	1	0	0	0	0	0	0	0.00139626	-0.000699285	-0.013543
3.1	0	0	0	1	0	0	0	0	0.0014115	-0.000694354	-0.0137949
4.705	0	0	0	0	0	0	1	0	0.00135513	-0.000683912	-0.0133381
6.5	0	0	1	0	0	0	0	0	0.00136758	-0.000732155	-0.0145939
5.175	0	0	0	0	1	0	0	0	0.00134483	-0.000592312	-0.00972279
6.45	0	0	0	1	0	0	0	0	0.00120414	-0.000758745	-0.014178
6.12	0	0	0	0	0	0	0	1	0.00141003	-0.000713724	-0.0145267
4.4	1	0	0	0	0	0	0	0	0.00134357	-0.000497501	-0.0127685
3.705	0	0	0	0	1	0	0	0	0.00140298	-0.000658128	-0.0118126
4.375	0	0	0	0	0	0	1	0	0.00139689	-0.000714264	-0.0144734
5.66	0	0	0	0	0	0	0	1	0.00127568	-0.000700698	-0.0138742
4.085	0	0	0	0	0	0	1	0	0.00137203	-0.0006996	-0.014637
6.8	0	0	1	0	0	0	0	0	0.0013806	-0.000702006	-0.0146285
4.95	0	0	0	0	0	0	0	1	0.00140882	-0.000761199	-0.0141498
8.6	0	1	0	0	0	0	0	0	0.00134069	-0.000644752	-0.0139458
6.01	0	0	0	0	0	0	0	1	0.00137157	-0.000706867	-0.0139413
6	0	1	0	0	0	0	0	0	0.00141135	-0.000664117	-0.0133648
4.37	0	0	0	0	0	0	0	1	0.00138505	-0.000668824	-0.0138272
5.6	1	0	0	0	0	0	0	0	0.00138929	-0.000697052	-0.0139801
6.8	0	0	1	0	0	0	0	0	0.00129149	-0.000694437	-0.00946707
5.79	0	1	0	0	0	0	0	0	0.00128893	-0.000630215	-0.00893049
6.9	0	0	0	1	0	0	0	0	0.00122513	-0.000648179	-0.00863022
3.63	0	0	0	0	0	0	1	0	0.00128226	-0.000673279	-0.00828564
5.88	0	0	0	0	0	1	0	0	0.00126767	-0.000641515	-0.00897495
7.79	0	0	0	0	0	0	0	1	0.00128945	-0.000680444	-0.00667505
6.5	0	1	0	0	0	0	0	0	0.00130796	-0.00066568	-0.00613069
6.2	1	0	0	0	0	0	0	0	0.00126576	-0.000593592	-0.00695749
4.68	0	0	0	0	0	0	1	0	0.000958642	-0.000772646	-0.00674976
9.3	0	0	1	0	0	0	0	0	0.00130661	-0.000602639	-0.00607131
5.08	0	0	0	0	0	0	1	0	0.0012727	-0.00063766	-0.00774008
6.68	0	0	0	0	0	0	0	1	0.00131724	-0.000658025	-0.00707204
2.9	0	0	1	0	0	0	0	0	0.00123801	-0.000622549	-0.00715143
5.65	0	0	0	1	0	0	0	0	0.00128157	-0.000653289	-0.00745811
5.25	0	1	0	0	0	0	0	0	0.00131778	-0.000666704	-0.00806697
4.79	0	0	0	0	0	0	0	1	0.00133548	-0.000691741	-0.00646267
8.2	0	0	1	0	0	0	0	0	0.00132784	-0.000692986	-0.00635845
7.25	0	0	0	0	0	0	0	1	0.00133487	-0.000639512	-0.00473171
7.46	0	0	0	0	0	0	0	1	0.00130495	-0.000701794	-0.00581117
3.5	0	1	0	0	0	0	0	0	0.00132814	-0.000634158	-0.00562033
7.25	0	0	0	0	0	0	0	1	0.00130665	-0.000678226	-0.00494515
5.68	0	0	0	0	1	0	0	0	0.00135117	-0.000696565	-0.00412556
8	1	0	0	0	0	0	0	0	0.00129253	-0.000733451	-0.0131981
3.5	0	0	1	0	0	0	0	0	0.0011652	-0.000649264	-0.0131012
5	0	0	1	0	0	0	0	0	0.00129769	-0.000711441	-0.0128907
5.4	0	0	0	0	0	1	0	0	0.0013033	-0.000799201	-0.0130752
6.4	0	0	1	0	0	0	0	0	0.00132089	-0.000757425	-0.012641
7.46	0	0	0	0	0	0	0	1	0.00118408	-0.000653732	-0.0130723
4.05	0	0	0	1	0	0	0	0	0.00135268	-0.000771664	-0.0134435
5.4	1	0	0	0	0	0	0	0	0.00139563	-0.000793912	-0.013766
6.3	0	0	1	0	0	0	0	0	0.00142645	-0.000788638	-0.0134081
7	1	0	0	0	0	0	0	0	0.00135645	-0.000801116	-0.0145074
5.75	0	0	0	0	0	0	1	0	0.00134409	-0.000776383	-0.0143289
5.1	0	0	1	0	0	0	0	0	0.00133464	-0.00071879	-0.0135822
5.675	0	0	0	0	1	0	0	0	0.00131422	-0.000721252	-0.0103425
4.425	0	0	0	0	0	1	0	0	0.00146116	-0.000834221	-0.0133392
4.86	0	0	0	0	0	1	0	0	0.00141603	-0.000821577	-0.0135395
5.2	1	0	0	0	0	0	0	0	0.0014375	-0.000824726	-0.0144134
8.415	0	0	0	0	0	1	0	0	0.00145096	-0.000870794	-0.0143432
4.6	0	0	1	0	0	0	0	0	0.00138965	-0.000783104	-0.0136068
9.26	0	0	0	0	0	1	0	0	0.00149885	-0.000864362	-0.0121479
6.2	0	0	0	1	0	0	0	0	0.00142366	-0.000855033	-0.0127972
7.25	0	0	0	1	0	0	0	0	0.00140869	-0.000780028	-0.0133981
6.2	0	0	1	0	0	0	0	0	0.00145085	-0.000826494	-0.0143969
8.53	0	0	0	0	0	0	0	1	0.00146491	-0.000833192	-0.0139689
7.5	1	0	0	0	0	0	0	0	0.00140412	-0.000782029	-0.0139793
4.6	0	0	1	0	0	0	0	0	0.00139163	-0.000752582	-0.0133952
6.2	0	0	1	0	0	0	0	0	0.00139454	-0.000799678	-0.014167
7.2	0	0	1	0	0	0	0	0	0.00143478	-0.000838092	-0.0132338
7.015	0	0	0	0	0	1	0	0	0.00141909	-0.000821467	-0.0144595
9.2	1	0	0	0	0	0	0	0	0.00139504	-0.000783068	-0.0132833
6.3	0	1	0	0	0	0	0	0	0.00136465	-0.000711162	-0.0128418
5.8	0	0	1	0	0	0	0	0	0.00133749	-0.000719489	-0.0130841
3.7	0	0	1	0	0	0	0	0	0.00138646	-0.000820814	-0.0140002
4.56	0	0	0	0	1	0	0	0	0.00143629	-0.000753521	-0.0115883
6.3	0	1	0	0	0	0	0	0	0.00142732	-0.000806248	-0.014264
4.715	0	0	0	0	0	1	0	0	0.00140613	-0.000804524	-0.0125305
4.1	1	0	0	0	0	0	0	0	0.00139267	-0.000760085	-0.0139812
6.135	0	0	0	0	1	0	0	0	0.00144683	-0.000838741	-0.0128574
7.7	0	0	1	0	0	0	0	0	0.00141779	-0.000830909	-0.0144488
4.65	0	0	0	0	1	0	0	0	0.00142297	-0.000831413	-0.0126818
5.8	1	0	0	0	0	0	0	0	0.00144367	-0.000822936	-0.0148804
5.735	0	0	0	0	0	0	0	1	0.00143776	-0.000824448	-0.014969
NA	NA	NA	NA	NA	NA	NA	NA	NA	-0.561521	-0.179746	-0.0210435
6.6	1	0	0	0	0	0	0	0	0.00130692	-0.000740824	-0.0130317
7.3	0	0	0	1	0	0	0	0	0.00141502	-0.000791921	-0.0129237
5.5	0	1	0	0	0	0	0	0	0.00138567	-0.000723573	-0.0124273
4.8	0	0	1	0	0	0	0	0	0.00137058	-0.000804149	-0.012688
NA	NA	NA	NA	NA	NA	NA	NA	NA	0.00141339	-0.000805645	-0.0108484
5.3	1	0	0	0	0	0	0	0	0.00135436	-0.000744238	-0.0120178
9.575	0	0	0	0	0	1	0	0	0.00131931	-0.000746208	-0.0101801
5.8	0	0	0	0	0	1	0	0	0.00130718	-0.000684627	-0.0104755
6.26	0	0	0	0	0	1	0	0	0.00130103	-0.000705026	-0.0105374
5	0	1	0	0	0	0	0	0	0.00124605	-0.000611737	-0.0113381
5.415	0	0	0	0	0	0	1	0	0.00116512	-0.000652923	-0.00992782
8.13	0	0	0	0	0	0	1	0	0.000840011	-0.000427373	-0.0109481
7.085	0	0	0	0	0	0	1	0	0.00114879	-0.000609828	-0.0114007
5.695	0	0	0	0	0	1	0	0	0.00140032	-0.000772199	-0.0101656
8.5	0	0	0	1	0	0	0	0	0.00141887	-0.000781195	-0.0124403
6.5	0	1	0	0	0	0	0	0	0.00138815	-0.000730796	-0.0130749
7.765	0	0	0	0	1	0	0	0	0.00144421	-0.000858694	-0.011086
6.9	0	0	1	0	0	0	0	0	0.00133237	-0.000764921	-0.0125664
5.975	0	0	0	0	0	1	0	0	0.00141552	-0.000801721	-0.0113549
5.7	0	0	1	0	0	0	0	0	0.00138914	-0.000690829	-0.013094
9.515	0	0	0	0	0	1	0	0	0.000956488	-0.00048784	-0.0103642
5.525	0	0	0	0	0	0	0	1	0.00122017	-0.000644268	-0.0102927
4.5	0	0	0	1	0	0	0	0	0.00139776	-0.000791839	-0.0146086
6.735	0	0	0	0	0	1	0	0	0.00119471	-0.000627465	-0.0110022
8.805	0	0	0	0	0	0	1	0	0.00122244	-0.000641666	-0.0106179
3.58	0	1	0	0	0	0	0	0	0.00103528	-0.000557278	-0.0111432
7.375	0	0	0	0	0	1	0	0	0.0012065	-0.000671512	-0.0102507
4.9	1	0	0	0	0	0	0	0	0.00138567	-0.000758673	-0.0141051
5.7	1	0	0	0	0	0	0	0	0.00114554	-0.000644767	-0.0105912
4.695	0	0	0	0	1	0	0	0	0.00122627	-0.000750975	-0.0110534
5.4	0	1	0	0	0	0	0	0	0.00127668	-0.000747452	-0.0122231
9.38	0	0	0	0	0	1	0	0	0.00144335	-0.000873769	-0.0143859
4.9	1	0	0	0	0	0	0	0	0.00122794	-0.000702254	-0.012746
7.7	1	0	0	0	0	0	0	0	0.00123989	-0.000769626	-0.0130106
4.4	0	1	0	0	0	0	0	0	0.00101547	-0.00057984	-0.0129449
6.7	1	0	0	0	0	0	0	0	0.00124391	-0.000682221	-0.0134175
5.4	0	1	0	0	0	0	0	0	0.00122154	-0.000683524	-0.0130971
5.3	0	0	0	1	0	0	0	0	0.00129074	-0.000723701	-0.0131267
7.6	1	0	0	0	0	0	0	0	0.00115053	-0.000645205	-0.0124496
5.28	0	0	0	0	1	0	0	0	0.00126652	-0.000695938	-0.0131713
6.33	0	0	0	0	0	0	0	1	0.00133006	-0.000746885	-0.0128451
6.03	0	1	0	0	0	0	0	0	0.00123744	-0.000690704	-0.0115374
8.68	0	0	0	0	0	0	1	0	0.00112514	-0.000732888	-0.0130658
6.9	0	0	1	0	0	0	0	0	0.00115785	-0.000645557	-0.0130606
6.4	0	0	1	0	0	0	0	0	0.00113861	-0.000621151	-0.0121954
7.2	1	0	0	0	0	0	0	0	0.00125422	-0.000697957	-0.0119125
6.86	0	1	0	0	0	0	0	0	0.00121969	-0.000628269	-0.0129616
10.9	0	0	0	1	0	0	0	0	0.00140616	-0.000796853	-0.014001
6.9	0	0	1	0	0	0	0	0	0.00135995	-0.00080049	-0.0139718
3.855	0	0	0	0	0	0	0	1	0.00144802	-0.000842459	-0.0139162
5.22	0	0	0	0	0	0	1	0	0.00139166	-0.00082504	-0.0143551
3.105	0	0	0	0	1	0	0	0	0.00141932	-0.000833097	-0.0128576
4.9	0	0	1	0	0	0	0	0	0.00133695	-0.000755619	-0.0141554
4.9	0	0	0	1	0	0	0	0	0.0012419	-0.000637274	-0.0124046
4.235	0	0	0	0	0	0	0	1	0.000901813	-0.000465251	-0.0112743
7.2	0	0	1	0	0	0	0	0	0.000910869	-0.000433923	-0.0115304
4.77	0	0	0	0	1	0	0	0	0.00110809	-0.000514596	-0.0120687
6.6	0	0	1	0	0	0	0	0	0.00110837	-0.000592612	-0.0124591
5.4	0	1	0	0	0	0	0	0	0.00105035	-0.000634591	-0.0124407
4.9	0	0	1	0	0	0	0	0	0.00128891	-0.000682018	-0.0127962
NA	NA	NA	NA	NA	NA	NA	NA	NA	0.000297742	-0.00056339	-0.0139739
NA	NA	NA	NA	NA	NA	NA	NA	NA	0.00124954	-0.000742254	-0.0147267
NA	NA	NA	NA	NA	NA	NA	NA	NA	0.00138969	-0.000793826	-0.0144422
5.11	0	1	0	0	0	0	0	0	0.0014442	-0.000804022	-0.0141153
4.4	0	1	0	0	0	0	0	0	0.00149586	-0.000875164	-0.0142617
3.975	0	0	0	0	0	0	0	1	0.00143564	-0.000846662	-0.0137916
4.145	0	0	0	0	0	0	1	0	0.00148193	-0.00090613	-0.0139559
8	1	0	0	0	0	0	0	0	0.00148766	-0.000865412	-0.0133632
6.7	1	0	0	0	0	0	0	0	0.00141674	-0.000867169	-0.0146056
4.485	0	0	0	0	0	0	0	1	0.00147791	-0.00090747	-0.0135294
7.38	0	0	0	0	0	0	1	0	0.0014965	-0.000882901	-0.0133666
6.4	0	0	0	0	0	1	0	0	0.00148506	-0.000878174	-0.0141932
7.5	0	0	1	0	0	0	0	0	0.00147922	-0.000886484	-0.0147142
6.9	0	0	0	0	1	0	0	0	0.00150325	-0.000886928	-0.0126892
4.4	0	0	1	0	0	0	0	0	0.0014453	-0.000873148	-0.0143041
7.1	1	0	0	0	0	0	0	0	0.00146441	-0.000843884	-0.0133556
5.01	0	0	0	0	0	0	1	0	0.0014528	-0.000814513	-0.0130859
7.95	0	0	0	1	0	0	0	0	0.00147885	-0.000813448	-0.0133968
7.38	0	0	0	0	0	1	0	0	0.00142012	-0.000809946	-0.0141332
6.4	0	0	0	0	0	0	1	0	0.00143961	-0.000814732	-0.0151335
6.29	0	0	0	0	0	0	0	1	0.00139639	-0.000834527	-0.0140871
5.5	0	0	1	0	0	0	0	0	0.00140545	-0.000894192	-0.0140783
7.965	0	0	0	0	0	0	0	1	0.0014371	-0.000860259	-0.0133615
7.05	0	0	0	0	0	0	0	1	0.00145924	-0.000788723	-0.0129556
5.69	0	0	0	0	1	0	0	0	0.00145328	-0.000833917	-0.0115899
4.45	0	0	0	1	0	0	0	0	0.0014011	-0.000843796	-0.014312
5.7	0	1	0	0	0	0	0	0	0.00143293	-0.000881199	-0.0138775
7.585	0	0	0	0	0	0	0	1	0.00145424	-0.000803943	-0.0133307
6.4	0	1	0	0	0	0	0	0	0.00142241	-0.000807816	-0.0135753
5.605	0	0	0	0	0	0	1	0	0.00141333	-0.000829499	-0.0133484
8.915	0	0	0	0	0	0	1	0	0.00139013	-0.000806484	-0.0136613
10.375	0	0	0	0	0	1	0	0	0.00143796	-0.000803388	-0.0136198
NA	NA	NA	NA	NA	NA	NA	NA	NA	0.00147403	-0.000842218	-0.0117715
8.705	0	0	0	0	0	1	0	0	0.00138631	-0.000819315	-0.0146332
8.44	0	1	0	0	0	0	0	0	0.00140598	-0.00085149	-0.0139323
7.1	0	1	0	0	0	0	0	0	0.00141101	-0.000814081	-0.0154751
5.855	0	0	0	0	0	0	0	1	0.00133799	-0.000811444	-0.0147205
5.7	0	0	1	0	0	0	0	0	0.00132374	-0.00075147	-0.0138585
5.9	0	0	0	1	0	0	0	0	0.00141106	-0.000835749	-0.0147271
5.395	0	0	0	0	0	0	0	1	0.00142251	-0.000746197	-0.0132355
6.075	0	0	0	0	0	0	0	1	0.00136057	-0.000718549	-0.0142651
7.1	0	1	0	0	0	0	0	0	0.00148864	-0.000848013	-0.0140353
5.5	0	1	0	0	0	0	0	0	0.00131625	-0.000788307	-0.0141795
5.39	0	0	0	0	0	0	0	1	0.00134883	-0.00077591	-0.0142678
8.2	0	1	0	0	0	0	0	0	0.00135985	-0.000722254	-0.0139371
5.7	0	1	0	0	0	0	0	0	0.00134335	-0.000761347	-0.0138814
4.565	0	0	0	0	1	0	0	0	0.00137073	-0.00082253	-0.0139905
5	0	1	0	0	0	0	0	0	0.00132944	-0.000765569	-0.0129034
5.42	0	0	0	0	1	0	0	0	0.00143355	-0.000857975	-0.0115813
5.5	1	0	0	0	0	0	0	0	0.00132564	-0.00079478	-0.0137253
5.2	0	0	0	0	0	0	1	0	0.00132557	-0.000746501	-0.0137388
6.01	0	1	0	0	0	0	0	0	0.00134128	-0.000748718	-0.0135836
5.3	1	0	0	0	0	0	0	0	0.00145443	-0.000838835	-0.0126393
5.3	0	0	1	0	0	0	0	0	0.00144369	-0.000807209	-0.0129176
6.83	0	0	0	0	0	0	1	0	0.00141017	-0.000807767	-0.013313
6.115	0	0	0	0	0	1	0	0	0.0014372	-0.000826913	-0.0111972
NA	NA	NA	NA	NA	NA	NA	NA	NA	-0.0283733	-0.00776005	-0.00747197
NA	NA	NA	NA	NA	NA	NA	NA	NA	-0.00171998	0.000530936	-0.00687219
4.675	0	0	0	0	0	0	1	0	0.00131474	-0.000729828	-0.0130476
6.6	0	0	1	0	0	0	0	0	0.00132553	-0.000748484	-0.0138789
7.555	0	0	0	0	0	0	0	1	0.00130973	-0.000730976	-0.013181
5.825	0	0	0	0	1	0	0	0	0.00137132	-0.000753273	-0.0112702
9.36	0	1	0	0	0	0	0	0	0.0014457	-0.000819357	-0.0130267
3.18	0	0	0	0	1	0	0	0	0.00138706	-0.000738475	-0.0116095
